id,mordred_PNSA1,mordred_PNSA2,mordred_PNSA3,mordred_PNSA4,mordred_PNSA5,mordred_PPSA1,mordred_PPSA2,mordred_PPSA3,mordred_PPSA4,mordred_PPSA5,mordred_DPSA1,mordred_DPSA2,mordred_DPSA3,mordred_DPSA4,mordred_DPSA5,mordred_FNSA1,mordred_FNSA2,mordred_FNSA3,mordred_FNSA4,mordred_FNSA5,mordred_FPSA1,mordred_FPSA2,mordred_FPSA3,mordred_FPSA4,mordred_FPSA5,mordred_WNSA1,mordred_WNSA2,mordred_WNSA3,mordred_WNSA4,mordred_WNSA5,mordred_WPSA1,mordred_WPSA2,mordred_WPSA3,mordred_WPSA4,mordred_WPSA5,mordred_RNCG,mordred_RPCG,mordred_RNCS,mordred_RPCS,mordred_TASA,mordred_TPSA,mordred_RASA,mordred_RPSA,mordred_GeomDiameter,mordred_GeomRadius,mordred_GeomShapeIndex,mordred_GeomPetitjeanIndex,mordred_VMcGowan,mordred_Mor01,mordred_Mor02,mordred_Mor03,mordred_Mor04,mordred_Mor05,mordred_Mor06,mordred_Mor07,mordred_Mor08,mordred_Mor09,mordred_Mor10,mordred_Mor11,mordred_Mor12,mordred_Mor13,mordred_Mor14,mordred_Mor15,mordred_Mor16,mordred_Mor17,mordred_Mor18,mordred_Mor19,mordred_Mor20,mordred_Mor21,mordred_Mor22,mordred_Mor23,mordred_Mor24,mordred_Mor25,mordred_Mor26,mordred_Mor27,mordred_Mor28,mordred_Mor29,mordred_Mor30,mordred_Mor31,mordred_Mor32,mordred_Mor01m,mordred_Mor02m,mordred_Mor03m,mordred_Mor04m,mordred_Mor05m,mordred_Mor06m,mordred_Mor07m,mordred_Mor08m,mordred_Mor09m,mordred_Mor10m,mordred_Mor11m,mordred_Mor12m,mordred_Mor13m,mordred_Mor14m,mordred_Mor15m,mordred_Mor16m,mordred_Mor17m,mordred_Mor18m,mordred_Mor19m,mordred_Mor20m,mordred_Mor21m,mordred_Mor22m,mordred_Mor23m,mordred_Mor24m,mordred_Mor25m,mordred_Mor26m,mordred_Mor27m,mordred_Mor28m,mordred_Mor29m,mordred_Mor30m,mordred_Mor31m,mordred_Mor32m,mordred_Mor01v,mordred_Mor02v,mordred_Mor03v,mordred_Mor04v,mordred_Mor05v,mordred_Mor06v,mordred_Mor07v,mordred_Mor08v,mordred_Mor09v,mordred_Mor10v,mordred_Mor11v,mordred_Mor12v,mordred_Mor13v,mordred_Mor14v,mordred_Mor15v,mordred_Mor16v,mordred_Mor17v,mordred_Mor18v,mordred_Mor19v,mordred_Mor20v,mordred_Mor21v,mordred_Mor22v,mordred_Mor23v,mordred_Mor24v,mordred_Mor25v,mordred_Mor26v,mordred_Mor27v,mordred_Mor28v,mordred_Mor29v,mordred_Mor30v,mordred_Mor31v,mordred_Mor32v,mordred_Mor01se,mordred_Mor02se,mordred_Mor03se,mordred_Mor04se,mordred_Mor05se,mordred_Mor06se,mordred_Mor07se,mordred_Mor08se,mordred_Mor09se,mordred_Mor10se,mordred_Mor11se,mordred_Mor12se,mordred_Mor13se,mordred_Mor14se,mordred_Mor15se,mordred_Mor16se,mordred_Mor17se,mordred_Mor18se,mordred_Mor19se,mordred_Mor20se,mordred_Mor21se,mordred_Mor22se,mordred_Mor23se,mordred_Mor24se,mordred_Mor25se,mordred_Mor26se,mordred_Mor27se,mordred_Mor28se,mordred_Mor29se,mordred_Mor30se,mordred_Mor31se,mordred_Mor32se,mordred_Mor01p,mordred_Mor02p,mordred_Mor03p,mordred_Mor04p,mordred_Mor05p,mordred_Mor06p,mordred_Mor07p,mordred_Mor08p,mordred_Mor09p,mordred_Mor10p,mordred_Mor11p,mordred_Mor12p,mordred_Mor13p,mordred_Mor14p,mordred_Mor15p,mordred_Mor16p,mordred_Mor17p,mordred_Mor18p,mordred_Mor19p,mordred_Mor20p,mordred_Mor21p,mordred_Mor22p,mordred_Mor23p,mordred_Mor24p,mordred_Mor25p,mordred_Mor26p,mordred_Mor27p,mordred_Mor28p,mordred_Mor29p,mordred_Mor30p,mordred_Mor31p,mordred_Mor32p,mordred_MOMI-X,mordred_MOMI-Y,mordred_MOMI-Z,mordred_PBF,mordred_apol,mordred_bpol,mordred_TopoPSA(NO),mordred_TopoPSA,mordred_Vabc,mordred_MW,mordred_AMW
UILIPBRWEVFEAY-UHFFFAOYSA-N__QQQNSMCUQGCKBE-MUAVYFROSA-N,345.1700368162027,-1922.549784778391,-76.9026438970885,-17.63807141998524,-56.545581905246806,803.4189337453112,4474.93331810088,54.11388867900253,41.054434111017244,59.66577757467841,458.24889692910847,6397.4831028792705,131.01653257609104,58.69250553100248,116.21135947992522,0.3005165865796695,-1.673836188622383,-0.06695401563841664,-0.01535629530846223,-0.049230476135952446,0.6994834134203303,3.896026718690504,0.047113362626621524,0.035743364391656,0.0519470229158734,396.45849725540216,-2208.219478151873,-88.32952858721558,-20.258894294971313,-64.9476317103492,922.7981260401563,5139.85905316891,62.15461569089589,47.154670212558806,68.53145404225214,0.09119722288836075,0.05262110209462942,398.06225225158994,361.4595813142106,955.5508406895714,193.03812987194243,0.8319345433226896,0.16806545667731018,22.20978379355493,11.668917033373953,0.9033286233875286,0.4746046543343586,595.6700000000003,5886.0,74.1818225663918,-17.551120528700594,5.335208803803291,-14.520427225271007,-8.7696865251005,10.804941851415515,3.4411273960245685,0.5859016476531739,-2.0273154473020085,-0.5154683031799537,-2.7052316123562496,0.5386797988798638,2.652480347959067,1.2679636871314963,0.21856018805050748,-2.3449562178158363,-4.2182585910665376,2.489557210602493,5.26596665760279,-2.949589125362349,-0.9329823584525279,-0.7856481773456652,-1.0509727340186092,3.603625538764393,1.0210127394395192,-1.241091609323655,-1.1312872952004063,-0.8845489547871568,0.26257983631758824,1.817139974796045,-0.7851646171153127,2177.9258860940354,36.914445199848295,-6.630837320922898,-3.254097510232821,-11.01850157535669,3.353185577822021,11.018468313688944,-5.000429688611575,-4.004760898132742,2.893973254515735,0.5729639314391501,2.72270800385743,-4.667062244197711,-1.0658882083919519,3.4396925238819223,-0.6826834703596717,0.011450534436841048,-1.8648161603321112,0.11412408407086029,2.7343681385431666,-1.006443033047961,-0.6749195761000937,-0.48292668321833104,0.11608466550863497,1.4872950879188913,-0.7834967604231071,-0.9098864128753128,0.10344996120430039,0.7800148217633412,0.3219661179709882,-0.09587817046027476,-1.0406151195311022,2292.939869157559,39.391644827404846,-7.296988397787719,-0.7064886057805639,-10.095411203233693,0.5008939458750403,9.194837171500565,-2.548458881023936,-2.1218588445680213,1.4829264871434775,0.8190229114668646,0.3752272688850219,-2.6622575039893994,0.32952367070432453,2.248461098331919,-0.3922807369712241,-0.5958946345644066,-1.8858506669909694,0.7331825287050977,2.5989505185754975,-1.2960496687170673,-0.3748016838365971,-0.6558852311068879,-0.2670128322589866,1.7278537214939391,-0.1205900209178915,-0.8478492971150752,-0.10245409626344057,0.21010360762121502,0.19289332753824184,0.4864973289508837,-0.7889941794076113,6018.775822768627,75.66910191560223,-18.739945913799573,4.693322011583262,-14.6613453973243,-8.912376528367385,11.668217764475875,3.1684018036313866,-0.5523703618016695,-1.9648821225574713,-0.04345997409966853,-2.173972736834842,-0.5443967955129525,2.39920045172942,1.727691726821424,-0.05270143245224338,-1.8816569534079346,-4.303368078104601,2.100673956603459,5.499925893853268,-2.7689796419721233,-1.143534878273277,-0.6886486478854665,-0.8185782090813805,3.4659998880555096,0.8475570095620771,-1.32491268457866,-1.1166205983593183,-0.5295494466509096,0.25937926240382836,1.5753112346117961,-0.8790776456971651,2550.592115652576,42.13486864977177,-7.565714568860423,0.47388997937478095,-10.365593192335758,-0.9789113829729145,8.629706895645011,-1.2832635711941789,-1.1611563585462652,0.7976262305768471,0.6566702699655735,-0.6832906564066387,-1.5859842350767657,0.9782848651583956,1.7475028613769885,-0.2133962209180138,-1.0368575272653544,-2.0214832243666865,1.146454969770834,2.70691050617773,-1.5089987751458755,-0.3123517446667198,-0.7626082610818773,-0.4888621724739019,2.0072304528890657,0.17394477537148953,-0.8694439847255123,-0.22852549983712797,-0.11943965679909664,0.13955021586199418,0.8502240687083971,-0.6915351942724905,,,,1.4920844599677336,119.933443,67.576557,149.17,149.17,745.5535057828954,798.3527740520016,7.324337376623868
KIIJPPPZXFQNGX-UHFFFAOYSA-N__BZJIBYPLUNADBP-UHFFFAOYSA-N,580.6916997080474,-2445.82190700654,-88.66198153656718,-30.195332185265926,-67.93949741684833,379.88453018115183,1600.0399291346575,21.740493294950408,19.75357937203281,35.55644286965906,-200.80716952689556,4045.8618361411977,110.4024748315176,49.948911557298736,103.49594028650739,0.6045243278350009,-2.546202821704907,-0.09230082816727017,-0.03143460273709761,-0.07072785615846962,0.3954756721649992,1.6657084355701988,0.022632762105156544,0.020564301673706157,0.03701574301267108,557.7986436335071,-2349.398386412754,-85.16659195890149,-29.004918350774737,-65.26106628924316,364.9080497946406,1536.960322800351,20.883401085194876,18.974818800004332,34.154673840007796,0.11643662966438614,0.12674218587713126,24.301264043897667,0.3727788027922571,841.3147712354007,119.26145865379843,0.875843837331312,0.12415616266868797,20.327404246916096,11.538792907566004,0.7616577756229065,0.4323528588596563,489.2900000000001,3240.0,44.33021291032429,-7.934720970347296,6.223895806411111,-13.953267896452484,-2.8218513011325688,7.340653115403426,1.0731918125425106,-0.0766872472320747,-0.7101902320645693,0.9358108454017859,-2.7051474549621877,0.12291721612637185,1.6379374890911471,0.9023191834412293,1.1045440477724005,-1.5917151915363823,-3.451486954118153,1.704774096946171,3.823903728361779,-2.1426263434490647,0.5310138926801066,-1.7922770086834419,-0.8776084002114282,2.6773889832036515,0.17712511267620104,-0.6673961493139325,0.11062273880082465,-0.896029499094113,0.42566970880317095,1.3141421854294806,-0.3191521259381648,2174.788481023326,39.234186566083544,-11.8152518764053,4.021944126345591,-9.980702381117302,6.238782736116628,6.08555863389827,-1.4065320712441505,-3.528109913886626,2.323581237514111,1.0529428321392813,2.993574770526567,-2.8289100307148596,-1.6457024809822147,2.857746384501193,0.7249315174062959,0.947721096328364,-1.1073273677856648,0.25329517519462713,1.6980739530829732,-0.2249936238803503,0.028572837225869528,-0.30327487025467836,-0.05851435994550497,1.8523172493545894,-0.32689913114746105,-1.0433696889268407,1.2040668140105315,-0.11885919645457582,1.3788540549992718,-0.7229199221901162,-0.6309139610465884,1502.4901003937678,30.55505847880663,-4.109471963132657,0.7864522389482413,-7.949146495229135,2.7281056963930825,5.653942897208916,-1.769361725532202,-2.138772043834123,1.554314097132675,0.7405207211187803,0.663877633841099,-1.7787708410004268,-0.482972623804855,2.13795137971052,0.11074035149442574,-0.08789790000447753,-1.6947856825259382,0.48353942636113695,1.9548584985084096,-0.9294752116641916,0.12748509625746907,-0.8413784397262271,-0.2267881498416646,1.3840190510084898,-0.26624507537816255,-0.3848056149510026,0.15262243512290083,-0.2673383253734751,0.5511542861229715,0.13517517608168073,-0.4383824450508551,3548.8274069042495,49.46197030436386,-10.816285453728074,7.494891918544135,-15.03914042681965,-2.5151544394308214,7.868376149224418,1.2380587796404114,-0.7493113441352017,-0.29029058225549115,1.289173866121581,-2.4242076307452836,-0.13371470094162177,1.4440084048126938,0.8593669477917832,1.304990668680125,-1.3121871342013571,-3.529079176072345,1.6960240393796229,3.6756913813013656,-2.008396170096466,0.43630982974994753,-1.6230145238553897,-1.0174157338506222,2.9217569915104447,0.1637643039304427,-0.9057915206271533,0.41035716077312023,-1.0254371686929251,0.605968454880073,1.1426968004301499,-0.4046613654659531,1575.247520115212,30.033680804490785,-3.7725519752448644,0.9033372351333661,-7.820720618599973,1.8882353366890832,5.103945075067263,-1.118007413932959,-1.5092696539055293,0.7962814039940174,0.7871088714727531,-0.06357187462997659,-1.364426529511855,-0.03308249566888823,1.9967527707032822,0.12828091987134518,-0.5150609887530239,-1.7566905366811603,0.7423393401332509,2.1875081525948072,-1.0786832555199561,0.23047249268300996,-1.0790128300079678,-0.18231517665990643,1.4344698284523043,-0.17800504265934072,-0.3332895052487213,0.06627587770448432,-0.2527782805323031,0.3976562365070523,0.40771217059597525,-0.3949317957038076,,,,1.1004289857262561,94.45979,50.58821,119.0,127.38,620.9860274852194,801.0830547200009,9.88991425580248
BZJIBYPLUNADBP-UHFFFAOYSA-N__KIIJPPPZXFQNGX-UHFFFAOYSA-N,616.6014577207646,-2607.328604317588,-89.46998457973994,-32.1892420286122,-70.46834065723212,404.5399853147051,1710.6165775218003,22.52031910169798,21.118723179281492,38.877649489131834,-212.06147240605952,4317.945181839388,111.99030368143792,53.30796520789369,109.34599014636396,0.603835503814085,-2.553347160768424,-0.08761762162328786,-0.031522804453931165,-0.06900938272347093,0.39616449618591504,1.675200423201687,0.02205406435640643,0.020681486706193675,0.038072736890947444,629.6373023147557,-2662.4512934805193,-91.36150916211687,-32.869769055315054,-71.95814306704106,413.0925443698057,1746.7814804510076,22.99643114512713,21.565203462358124,39.69957910115927,0.11597853435578956,0.1262435455358745,21.686444325985658,0.37425121509380166,907.9646640518226,113.176778983647,0.8891664031897334,0.11083359681026653,26.81198184516526,13.701133818780269,0.956917011380024,0.4889921268072595,489.2900000000001,3240.0,56.61100274249766,-12.41479166828267,6.649902763518458,-12.907832439036854,-3.168078968426582,8.32207955542372,1.8045439219799237,-0.9621168701384272,-0.7950363899490046,0.8983960516364218,-2.2325138930118906,0.021592800491478964,1.9777697411449455,0.5758110843555944,1.6639544136293676,-2.361342225305019,-2.993319024164881,1.6882607299629833,3.8025037916491815,-2.0611016412676673,0.4212505092681993,-1.477104739768227,-0.8334843913123657,2.901574797388327,0.1928926008317852,-0.4406590175408406,-0.07909134195911931,-0.6786746092998416,0.038580608444680156,1.2336204809575633,-0.492194331222801,2174.788481023326,51.37638154493373,-16.713084477010433,-0.3709355169611017,-10.547608044820434,9.797661197491239,8.301023082778308,-2.144931502360869,-4.869700573032835,1.3864266517749233,1.326160934950099,2.88739965147795,-2.971100077110493,-1.1088826914371899,2.8317095676495065,0.7091748363285466,-1.0957884146834433,-2.4557699543091247,0.9364920758585421,1.7945934491705429,-0.7507865664051475,0.20468036997276312,-0.5015972475093943,-0.09079582484515834,1.6390025714822938,-0.06454257353896638,-1.1017958292216825,0.7349738200748421,-0.4317683521972178,0.8911817615034854,-0.515780439171842,-0.7428446625191388,1502.4901003937678,37.16609008850563,-6.681256992148798,1.1133157272305234,-8.376621972036755,2.6415285358309646,6.772061454321778,-1.5664166050377166,-2.2878124007926974,1.0685037994664133,0.961531454727807,1.0399404818308648,-1.9308961657457218,-0.16607190017248935,1.723494004798172,0.37658500686556745,-0.6319343777700968,-1.947900260915301,0.7726495695952076,2.005616469969461,-0.9402575155529851,0.14181082870380857,-0.7132530466739662,-0.11746373220303556,1.3947658801114302,-0.13743704418387068,-0.48482889756107433,0.06312137140963277,-0.1010610128207124,0.3378135665186874,0.1470544610785557,-0.6077376600375471,3548.8274069042495,62.87090991756514,-15.776220657812733,7.7767930441415665,-13.75680774759586,-2.275646215055778,8.752182110683242,1.6716835853890561,-1.9171696305625385,-0.5779935567912649,1.1079748310526367,-2.08625557915495,-0.3446435930070125,1.9328393338794794,0.5235978494421816,1.819563177881181,-2.2436978804738876,-3.2146178265365495,1.7401518314391577,3.7587673165550233,-2.0269649426360785,0.4338339755839816,-1.3557983416724833,-0.9523626136192578,3.0719251434227015,0.14051209235349457,-0.6664399223667508,0.15802004510991027,-0.8135135954875026,0.15925438403661393,1.0876150876931887,-0.5469678307378164,1575.247520115212,36.55084040037564,-6.296065815151514,1.1045453649477692,-8.362081866127909,1.907319096415428,6.369526586030792,-0.7299455018751208,-1.6301411593082733,0.5516172958726627,1.102795222971188,0.32911039586635155,-1.475036190988145,0.2954713023749483,1.6821742998011018,0.48792158779967115,-1.0939049652140074,-1.9660448537333228,0.9617081249681533,2.1244804974103517,-1.0231411354241928,0.20997368642562625,-0.8632481510938209,-0.11437516799627881,1.4871346006433914,-0.01971596597745694,-0.43716395066945263,-0.05404398805569714,-0.10668862679944109,0.1958148434898268,0.4049047478846857,-0.5629748491872029,,,,1.1944148041182445,94.45979,50.58821,119.00000000000001,127.38000000000001,620.9860274852194,801.0830547200009,9.88991425580248
LFJGXMNBJUVGAH-UHFFFAOYSA-N__CHIKJTDDIJELFA-UHFFFAOYSA-N,346.90928691433754,-1290.7596493597962,-61.9076645903011,-17.92721735221939,-56.11998475477373,446.98671229053497,1663.121841321838,24.70872421486216,23.09891446280331,33.94126206779262,100.07742537619743,2953.881490681634,86.61638880516327,41.0261318150227,90.06124682256635,0.4369706954837724,-1.6258548357121816,-0.07797956489553393,-0.022581317162669187,-0.07068934068313831,0.5630293045162276,2.0948862860973474,0.031123376663453665,0.029095642862463165,0.04275278134892547,275.4098949683078,-1024.7289215618262,-49.14824723835719,-14.232346132803142,-44.55343137225331,354.8609625851951,1320.345776015648,19.616157299635624,18.338135777995113,26.945832163584658,0.13176915494603672,0.1118833957471029,50.42317903753536,0.0,650.994424072701,142.9015751321716,0.8199996280680407,0.1800003719319594,19.994621284414894,10.079296714416992,0.9837317871410063,0.49589959364354397,397.20000000000005,2556.0,47.324723780456864,-11.931548632787687,6.035591359329244,-12.606020618261045,-4.7489873848708,4.667457704266145,2.953976676917888,0.29096351154603095,0.4338956013079597,-2.601470687896128,-1.3783125341349318,0.18791576431545634,2.5797397433509914,0.09182463106006279,0.5820986055406654,-1.4113816114068303,-3.1886803568739874,1.962342729644902,3.063679809988242,-2.107744778939276,0.20893023794730953,-1.0309255103351052,-0.2102561737102617,1.2720656149399534,0.8078319525212845,-0.3307961192753035,-0.46827183889412144,-0.8594984288381143,-0.023851992211924845,1.6845437876033333,-0.5093696540893013,1044.6310985614573,24.584840071988577,-3.6627295922740752,0.9196930656902833,-7.547189593905798,1.9142198452554788,6.2562611416141145,-2.8350702666884184,-2.9505867562106003,2.7352554764183297,-0.20031615708803974,1.3515950030797146,-1.62708860565134,-0.875205393942519,0.9920491344918074,-0.2274282581505688,0.08680018282112596,-1.2820567894520305,0.6280038291391972,1.184013753579801,-0.822461594979174,0.1013706391109718,-0.012146194298090619,-0.05160301652612956,0.8032867647853762,0.148094750408273,-0.4189368788172975,0.07538344429259265,0.1357907491753951,0.024743627909648663,0.3696323092357923,-0.6726555979398976,975.5150666251297,25.549351133998233,-3.1617173378188133,0.6380811638265036,-7.24183291453567,0.7053287060526401,4.554942824848561,-1.2324485667623326,-1.464453056114026,1.341192638974347,-0.142195458550267,-0.11487827540289038,-1.242146921585078,0.41209094009215846,0.8787690142491266,-0.2921330782012284,-0.40915272544666453,-1.1709020895072972,0.8936643830678695,1.164850678444791,-0.824274169524024,0.07642056535211737,-0.34311639747890843,-0.085754093907007,0.611997075750819,0.3208429627927625,-0.2567972254160807,-0.10833985831048219,-0.06040527110832542,-0.10892943885339404,0.6116598235729027,-0.48610609689603473,2708.182707390317,46.226357437080274,-12.82392958932569,6.923384489491458,-13.059623154263306,-4.743323193936407,5.490729350493608,2.442507018458396,-0.6582956540459977,1.185334502990843,-2.576708151663504,-0.8626544371018392,0.023643055286360955,2.0184911557259846,0.22116789831253109,0.499135776371039,-1.1255569817388553,-3.2803374613521195,1.8111144486005162,3.1184005520475964,-2.0934012507732027,0.2453822207451222,-0.8519372328483422,-0.2370284453243768,1.4176437270915105,0.7731168168319009,-0.4302169283210773,-0.3842113232531133,-0.7540294226680312,-0.02714570381228632,1.5899427564837412,-0.5775279369928663,1042.5579195597804,27.98556449814121,-3.534198983097422,0.7799150415588374,-7.378478396460449,-0.28402165381681266,4.041211383175264,-0.28772009526384607,-0.9030608559157165,0.7894217684785328,-0.25496801070844793,-0.8174480103645339,-0.9180877047844211,1.0440872316689531,0.7004067867921511,-0.1869390296276041,-0.717018004230902,-1.2976075783902785,1.1176133002758268,1.2791144073238638,-0.9403345332541908,0.08240610738910001,-0.5573384480123261,-0.11774620393530459,0.6521566101387023,0.4097572336015573,-0.22607702250903022,-0.2025189250968751,-0.20545804188851208,-0.14770074911140224,0.816375002152063,-0.42767737971932357,,,,1.0714061242743207,76.904169,43.063831,115.92,115.92,510.6113549124807,555.2244006560009,7.711450009111123
PJMLNEUECJKNKB-UHFFFAOYSA-N__KRDQGMVOWIKUSL-UHFFFAOYSA-N,463.27375908846614,-2162.5158209446195,-86.07507582050775,-32.76539122643363,-80.09317855350442,358.00164118385123,1671.1160470377074,37.49715742435554,25.319940106631943,42.849129411223274,-105.2721179046149,3833.631867982327,123.5722332448633,58.08533133306557,122.94230796472769,0.5640906313946022,-2.633118951605729,-0.10480659202986856,-0.03989574169099589,-0.0975229241335455,0.43590936860539786,2.0347815683796218,0.04565722705431368,0.030830023763327618,0.05217388636870826,380.4753419310411,-1776.021046441511,-70.69134234795756,-26.90940979456835,-65.77855727561152,294.0179411614139,1372.4465004323856,30.79549297276169,20.79464394594525,35.19093590852272,0.10802577996014773,0.08911619168297336,178.30881857362738,0.5301707739333047,650.7730165202136,170.50238375210387,0.7923931683628065,0.20760683163719373,20.88541890460066,10.892914974449731,0.917339752819994,0.4784440271844282,418.78000000000003,2145.0,27.84757641877295,-1.3745234533315922,2.095160928293921,-8.300446740937783,-7.145914387386509,8.69144522552181,0.005071599565414725,-0.9389539794326216,-0.24644182467881381,0.9166652394079519,-0.20972192904522707,-1.2568519995331506,-1.0386102236791395,2.2849950909936854,1.5776582572756188,0.03459798371514447,-2.3553357079056285,-0.2910536164732877,3.385815810797971,-0.8725589028319439,0.3697216359249517,-1.2063726387345062,-0.7423096573099316,1.6925844037594058,0.3340233799429558,-0.988702190997233,-0.1576375539839329,0.05116933771740375,0.028058524503158128,0.715357101970217,-0.9319612275901575,1443.8713239784925,21.873219934913674,-2.095614567800378,-1.4090575533000573,-6.878649264302055,-0.9453171805947889,8.896443987084126,-3.048867976718233,-2.4823867977274867,1.3213477648944914,0.4493579705552589,2.9924773727596135,-1.7576760662244226,-3.0188853050271254,2.302693153298612,1.1964106756739104,1.012335950173791,-1.8944815352205269,-0.8566057944824376,2.499057113998044,-0.3785333972288019,-0.3033714754379825,-0.7689384131741354,-0.6571774541803598,1.3779465924242178,0.46924690264896773,-1.3646323218038023,0.036412659263693,0.1198885349701243,0.7725699708041887,0.3295634463758849,-1.1818987051779193,1089.7915287842457,21.058019967855593,-0.8574246598683966,-1.6448737309329549,-5.906161984262632,-1.0899490560259266,6.922899333202063,-1.901698728534486,-1.9940563738525436,0.7907544953123783,0.5984461588384786,1.7413470056742653,-1.6141789936068442,-1.7937263605862204,2.014473312519538,0.7636217910773683,0.5894829342992505,-1.6371787888632832,-0.3939134117310239,2.1889607866605725,-0.4589169324095726,-0.136372999805873,-0.7612370607191358,-0.2812535740268987,1.2086429172754998,0.078371004233536,-0.8464120306525189,-0.07578831908516202,0.15192020289624542,0.4693091793877438,0.12186061085409998,-0.7884228090293925,2371.66599447571,28.783042247677667,-1.799846383497711,2.5175424277455116,-9.031475277670868,-7.757683605764402,9.882405436277692,-0.37888827861340907,-1.1067258458147906,-0.09150876642324801,1.0070394846240316,0.16398271062739841,-1.5043013611750455,-1.3961142926923737,2.4662108350929692,1.769943124578474,0.29209043470947277,-2.5483684131522466,-0.5532123149632723,3.587944595042663,-0.7741671223703199,0.3653140633040552,-1.2153033552786239,-0.9498909005342832,1.8100919437718752,0.41388685858160734,-1.1707922283806227,-0.12471543122892657,0.06264884544755533,0.10858355263518864,0.8182591348108739,-1.1606318774119735,1096.1004950630393,21.11018030146274,-1.1298206757046927,-1.329745309283822,-5.575140522261443,-1.4515948903067102,6.048442488469655,-1.3123448843849044,-1.524959205110212,0.530991781536117,0.7250273942550551,1.108888668004915,-1.3393608932693053,-1.4679261722670238,1.8532060957565815,0.8858428928617801,0.27012161172167104,-1.5984061769691458,-0.13490172883330684,2.2113386530182257,-0.588779728282561,-0.08748487007511659,-0.746561410100284,-0.23139212758170108,1.1449694283722645,0.10201942437061164,-0.773044845806196,-0.032063089611942104,0.09190100593132754,0.3937648049201048,0.11086309591257724,-0.6880454368689469,,,,1.28012950172157,78.90186,34.140139999999995,195.95000000000002,221.25000000000003,514.9521864665504,652.1264350000006,9.880703560606069
ANVJARPTPIVPRC-UHFFFAOYSA-N__FHYFOEYJVAVBOF-UHFFFAOYSA-N,,,,,,,,,,,,,,,,,,,,,,,,,,,,,,,,,,,,,,,,,,,,,,,,,,,,,,,,,,,,,,,,,,,,,,,,,,,,,,,,,,,,,,,,,,,,,,,,,,,,,,,,,,,,,,,,,,,,,,,,,,,,,,,,,,,,,,,,,,,,,,,,,,,,,,,,,,,,,,,,,,,,,,,,,,,,,,,,,,,,,,,,,,,,,,,,,,,,,,,,,,,,,,,,,,,,,,,,,,,
VHPVSIHFZZJSKJ-UHFFFAOYSA-N__HDZPGSXNHDHDGU-UHFFFAOYSA-N,251.78813004550568,-826.4984499535835,-55.02747183111325,-15.027244544610609,-45.91658055297686,322.2932371363371,1057.9325597102745,23.457749376751707,19.235137449277715,28.592771884061474,70.50510709083142,1884.431009663858,78.48522120786495,34.262381993888326,74.50935243703833,0.4385931062029239,-1.4396886873560324,-0.0958530880408858,-0.02617615795192786,-0.0799827048531129,0.5614068937970763,1.8428268538023636,0.040861366903276214,0.033505942796406604,0.04980613118384766,144.54687393668348,-474.477360123027,-31.59024626136583,-8.626861093145944,-26.35985334016817,185.02254220869023,607.3393702646608,13.466656833214637,11.042534004812012,16.414577574720564,0.1474986773343933,0.0944354788154395,14.778485682726398,0.0,425.2394230850632,148.84194409677954,0.740730229884585,0.2592697701154151,11.517184669088977,6.120118194584971,0.8818565757895468,0.46860987555311295,320.21000000000004,1485.0,0.3869286610621049,2.967431179510683,-3.0896241755491953,-6.115626166773278,-4.75765612957342,7.851505856690356,1.2827620117103649,-1.98875059641515,0.4092878816338446,-0.06252425428352684,-0.5558492420137882,-0.4565745130206189,0.5714597337299868,0.4243933860080474,0.7376961278801896,-0.9470554494106755,-2.5143894745381883,1.2305693550780963,2.4371997004256514,-0.7590177467196854,0.06609541977394373,-0.7193229831949967,-0.864681039838981,1.4706285919777773,0.7094913890266136,-1.0022071057436814,-0.12738225196312944,-0.6973509482988309,0.08861585121571894,1.065416921083765,-0.80894630223368,788.134293077546,-0.12084309169774592,1.2060189668564567,-4.699916404601796,-4.592929835985355,-1.4907424294666511,9.08346825595775,-2.8940167503974608,-2.9300412073740976,1.7047966550850417,0.7752745682395104,1.907318043299896,-1.5205586992177547,-1.3167328098132094,1.2704331440293837,0.6617567403677682,0.29055559332637954,-1.8758249362948263,0.31397341284786956,1.1587690372367134,-0.21533084675801353,0.19389046918543124,-0.34806505380613467,-0.1924118112822517,0.9895150921406617,0.003938244923192642,-0.9879152735442308,0.06880992105636231,-0.26693675547867973,0.6421706596696546,0.21505621655633086,-1.0618360821301651,687.0440002625483,1.8761633325355946,2.159145093841815,-3.852449124990077,-4.30324434699102,-0.9015584297828566,6.563597434203864,-1.37882825137117,-2.498977032583685,1.2404592146862456,0.43857656212468066,0.748615559272028,-1.3265200344855572,-0.35479621844189196,0.8522540084581153,0.4708738193541326,-0.11740804547224051,-1.557680323308052,0.5053295157381584,1.1748226096719092,-0.3519599345306543,-0.0033212387189163733,-0.289937049880588,-0.2273027713151756,0.7655156263173744,0.2431775993184389,-0.6352464860319655,-0.05704561452977777,-0.2249106138527447,0.3057369161497053,0.3375423955490252,-0.7421609537316579,1597.784249247664,-0.06884343034106395,1.7443155439630198,-2.900991139433815,-6.384350361433591,-5.403826041487683,9.136201366979154,0.647821480113264,-2.0450633562777174,0.5331004979048634,0.20918956408904177,-0.08125661111103907,-0.6458881960911986,0.27487978625352155,0.5248652581863185,0.7637842836221789,-0.6849673888913718,-2.6305704522884494,1.148652675415166,2.514288188881321,-0.6579588534905507,0.18018453423755687,-0.735275455206503,-0.9107211092589632,1.563276395629931,0.628859995103999,-1.2353478879626085,-0.028581232923419284,-0.694149799168842,0.1809159015479171,1.0095928274663195,-0.9516668858057306,702.1933718890283,2.0740386913327487,2.6683164748356494,-3.7309063943037835,-4.25365959209094,-0.9952007714799832,5.836687069639572,-0.5903819928835956,-2.3580528643447267,1.0302167917568799,0.3108255520085688,0.16713858957890704,-1.116000933686186,0.05569461209132417,0.6642964513261362,0.46164462605391277,-0.384034058222667,-1.5421892454566213,0.6476994584954988,1.2659776483692737,-0.4576685636691124,-0.03658674891763799,-0.33459690265675296,-0.28531933002517207,0.7757090230050728,0.35576921104269027,-0.5530598625858966,-0.10711995128410834,-0.2661934517178089,0.1731532602892505,0.4639360051734772,-0.6321477809147876,,,,1.4231476633353204,63.26486,31.73314,90.38000000000001,90.38000000000001,392.9266128408507,483.1405907800006,8.784374377818192
FHYFOEYJVAVBOF-UHFFFAOYSA-N__ANVJARPTPIVPRC-UHFFFAOYSA-N,,,,,,,,,,,,,,,,,,,,,,,,,,,,,,,,,,,,,,,,,,,,,,,,,,,,,,,,,,,,,,,,,,,,,,,,,,,,,,,,,,,,,,,,,,,,,,,,,,,,,,,,,,,,,,,,,,,,,,,,,,,,,,,,,,,,,,,,,,,,,,,,,,,,,,,,,,,,,,,,,,,,,,,,,,,,,,,,,,,,,,,,,,,,,,,,,,,,,,,,,,,,,,,,,,,,,,,,,,,
AINCYHJWQFYJTF-REJBHVJUSA-N__ZGHASBCIVRCPFO-UHFFFAOYSA-N,233.21820340209075,-522.4216913877665,-55.85492208822551,-11.609370919728146,-34.828112759184435,290.2686331693317,650.2178135541627,20.41411273392913,14.449284745648061,21.67392711847209,57.05042976724093,1172.6395049419293,76.26903482215464,26.058655665376207,56.50203987765653,0.44550920311493136,-0.9979652875502426,-0.10669785405502719,-0.022177006390005395,-0.06653101917001618,0.5544907968850685,1.2420900930628263,0.03899642036394149,0.02760200206806281,0.04140300310209421,122.08665952983104,-273.4808785808738,-29.23931647090844,-6.077352857352753,-18.232058572058257,151.95180853372412,340.38046629985564,10.686519296496954,7.5640103622190145,11.34601554332852,0.17502457247672198,0.09445758793862913,102.38864862324773,113.04386286396057,317.7480064505096,205.73883012091284,0.6069837563282402,0.39301624367175975,10.624165914871945,6.6406405856629185,0.5998706416681278,0.37494946531593587,244.1500000000001,990.0,27.10437713106112,-6.057115658126698,4.006951733522504,-6.356619016497407,-4.072426060004412,5.019380838774251,1.0980339557991845,0.8039516877218208,-1.4075528795736607,0.19656253071473972,-2.267895839132092,0.21012645874830868,2.1574449850564448,0.8797320343602144,0.17774250534257766,-1.7167309998512439,-0.6231660402217813,0.5324845886453128,1.9389766834366104,-1.2740292677980365,0.12466896907947206,-0.8421986202566917,-0.4795069394229688,1.2168516366733628,0.24514555672485863,-0.545643558671115,-0.12405514379605079,-0.9478504118906036,0.38946009260248904,0.9151883903184421,-0.6940824422007503,390.7427896887414,11.657284986174073,-2.503007787981124,-0.43249250034181214,-3.6974090606375567,0.8304864648576451,4.3072991000241645,-2.1838501328015107,-0.5421621923089821,0.7360474385105212,0.5109324155655134,0.4298959774111214,-1.4601325224917812,0.30797875666208974,1.3075864270184214,-0.3293269500353522,-0.2166811698897989,-0.12466293559477273,-0.12825688685909228,0.8930391899629322,-0.7028131415957762,-0.030390795751840387,0.09613092606870538,-0.13756188986100068,0.5692746013653771,0.030691236818454887,-0.5260167035861212,0.14738724402371628,-0.05160038260198663,0.23926865043234344,0.03095604663001235,-0.43680154776924984,374.51270020822903,14.14161017650822,-2.7144037579205667,0.01694300737906849,-3.530501010957365,-0.15677391311756358,3.8506094626552154,-1.3526950553868815,-0.2587452158508947,0.3320875648822414,0.4081051864292036,-0.42717702734733315,-0.7257230144824464,0.7175447928891141,0.9594018737669168,-0.1934748551425523,-0.6404803454298695,-0.17344159081511368,0.23728553969005597,0.7460514469619587,-0.6694627941165479,0.19614491344703064,-0.1951182639910355,-0.21860615846883336,0.4346282993739835,0.1639511784643797,-0.3267743692529785,-0.039582372938833134,-0.2498278665306663,0.15941549578245273,0.32650283328242036,-0.36789194906624006,1042.2991943787406,27.630072188604192,-6.552371055052936,4.1500467840453625,-6.632747940142607,-4.031720619033388,5.329416510816379,0.9434208695428611,0.8833700552532967,-1.4100659908375486,0.49946511577736247,-2.0173225154303815,-0.21369145476717244,2.174259411507274,1.1206560813435424,0.12456641264524365,-1.5417615344127877,-0.5606627028218684,0.24760797539489332,2.0805778139202307,-1.2165321842920012,-0.05676709355295434,-0.7027551913319369,-0.4202427579428695,1.282425838219081,0.15479537141188415,-0.6050178313553097,-0.02083243026124653,-0.8790210249907965,0.4473098516457515,0.7495174759355433,-0.7477878007975021,404.28641417020714,15.663484988920304,-2.808510659850233,0.31369607716217995,-3.609050886710386,-0.7710121411610769,3.767014098151256,-0.8602128986242472,-0.13668749569010133,0.09595930286796064,0.28928739833520967,-0.907645604155549,-0.3473621919972698,0.9516774258150422,0.8005283370069556,-0.10369938705558195,-0.8948448977106548,-0.22373085877764365,0.4273350474929643,0.7730668167547557,-0.7177417506167103,0.27388931998753535,-0.3560852374677361,-0.2827978741464852,0.4719064524602195,0.24418985131922477,-0.2842437597672244,-0.12607617492964895,-0.37611538072918926,0.1325697313681771,0.4971407263810608,-0.35292383446073045,,,,1.2294601690304643,48.139652999999996,25.274347,57.53,57.53,315.6623380588756,342.14427919200057,7.603206204266679
CHIKJTDDIJELFA-UHFFFAOYSA-N__LFJGXMNBJUVGAH-UHFFFAOYSA-N,350.44390780397384,-1309.3681392779981,-59.712627577756265,-18.18566860108331,-54.55700580324992,451.1090570732349,1685.484648236011,26.792853873910765,23.409509003277932,35.11426350491689,100.66514926926106,2994.852787514009,86.50548145166704,41.59517760436124,89.67126930816681,0.4372061774578539,-1.6335391379639927,-0.07449617204884738,-0.022688043582833238,-0.0680641307484997,0.5627938225421462,2.102773892794737,0.033426180237528295,0.029205192955482455,0.04380778943322367,280.89935332343043,-1049.5279141540334,-47.862833675559116,-14.57677658547269,-43.73032975641806,361.58780218001345,1351.0052170485937,21.47589146015498,18.763961347897137,28.145942021845702,0.13112340862291852,0.1114170441343993,15.984700054265204,0.0,654.2234252734407,147.32953960376776,0.8161948791165189,0.18380512088348075,18.374915823256302,9.31140656185199,0.9733770296892317,0.49325446432429565,397.20000000000005,2556.0,48.77064848120439,-10.799377396090735,6.945628178571805,-10.634874678895187,-5.072580370327157,6.548275588619231,1.6812811473201659,-1.2342290062701822,0.3541473732046149,-1.844234187703263,-1.3315890138365547,-0.17407565020756233,2.2139434328165577,0.5354428402948618,0.937511469866041,-1.3650122142020258,-2.938098423680966,1.9585530771398592,3.6804664371547413,-2.316832689508954,0.23781454719304204,-1.5613769848227703,-0.8622162782532791,1.2958865079569768,0.7558348894479182,-0.10149510650729837,-0.5011136658305203,-1.0216333586548862,0.2130306307453218,1.8258431218954108,-0.23015035155123847,1044.6310985614573,23.56493100626485,-5.2762342811533935,0.10571672891034907,-7.044208846259135,1.9196068651542053,7.25959996020684,-1.927846396201896,-3.8140668986353887,1.7992497909974916,-0.27338471697844435,1.4716614319706258,-2.035829594660553,-0.0921619566815005,0.8287224752189335,0.28904990400628583,-0.19366386451477116,-0.9632349149211055,0.3628938293375082,1.4168665998689254,-1.045738542139044,-0.11800478768046138,-0.24248117147569762,-0.49554362907311783,0.4065029466734905,0.15241092206464096,-0.44749229491881876,-0.04223090145393853,0.057293920577724804,0.23680454202908452,0.41673733275101515,-0.6318597517160434,975.5150666251297,25.294371108683706,-3.3265019551888373,0.6590147982231923,-6.684941675811313,0.4935044933255726,5.502468106922019,-0.911945292259653,-2.0007412176429966,1.161284384874431,-0.007511865393316653,0.06896468986787228,-1.5547826812682375,0.704468052382485,0.8952874124539388,0.08027955439768818,-0.6655630664287298,-1.1540971857055422,0.7766095002010968,1.4204991398335434,-0.9415636939892167,0.047996538601471336,-0.4981259206311065,-0.3290442513337592,0.409416906653013,0.26372149474613743,-0.1910895221936441,-0.18577010895227578,-0.16216538455435003,0.1172993794415305,0.6530493930359849,-0.3617967742594325,2708.182707390317,47.26991803842703,-12.13966554108803,7.450803954336361,-11.085170813279257,-5.360170999411881,7.795082578734038,1.315471674316454,-2.2516411513880006,0.5963673514625423,-1.8257431079584459,-0.9551396304798105,-0.3628453478140228,2.0441864948538524,0.6571958867027121,0.9573287528287027,-1.0578748174270116,-2.8353407023277444,1.6723836639149743,3.7023953370341425,-2.3588181968199438,0.14716481601343753,-1.5051316005509872,-1.0219447531122896,1.3776463515992607,0.6772038615647407,-0.27809125839452836,-0.3947320627518164,-0.9216875165857571,0.19231156669174515,1.788375131151665,-0.35692297912291426,1042.5579195597804,28.302494504498284,-3.2674838880927566,1.1043567858459593,-6.720094989856976,-0.40712555317590254,4.897799802792114,-0.17077863859229606,-1.4371557094982306,0.912851540486102,-0.039010869142115386,-0.6464143658081626,-1.1757897904336174,1.1046004430440737,0.8030457152660546,0.11590854828857773,-0.9435767757474169,-1.3578651813563005,1.1089447514957385,1.577434658984817,-1.0135001164537956,0.12839243411687318,-0.6980191392416897,-0.3129739514555428,0.5190479658607118,0.3407749418527276,-0.1131951295507894,-0.2516434964071632,-0.3216697872175569,0.09034941093911948,0.8580515601611615,-0.25994780954701396,,,,1.258161358545509,76.904169,43.063831,115.92000000000002,115.92000000000002,510.6113549124807,555.2244006560009,7.711450009111123
UMXRAJZATIVFES-UHFFFAOYSA-N__AEHRXQDJQVVMOH-HZPDHXFCSA-N,,,,,,,,,,,,,,,,,,,,,,,,,,,,,,,,,,,,,,,,,,,,,,,,,,,,,,,,,,,,,,,,,,,,,,,,,,,,,,,,,,,,,,,,,,,,,,,,,,,,,,,,,,,,,,,,,,,,,,,,,,,,,,,,,,,,,,,,,,,,,,,,,,,,,,,,,,,,,,,,,,,,,,,,,,,,,,,,,,,,,,,,,,,,,,,,,,,,,,,,,,,,,,,,,,,,,,,,,,,
RKZNTUMZJRNPDN-ZWKOTPCHSA-N__WMMOVSIXBHEQBL-UHFFFAOYSA-N,447.1638103580927,-1511.788731296134,-56.0615088200477,-20.997065712446304,-48.76737842890754,329.70149609429524,1114.6675892391147,16.182452103851247,15.481494294987705,27.187014371685724,-117.46231426379745,2626.456320535249,72.24396092389895,36.47856000743401,75.95439280059327,0.5756001801652062,-1.946011385422561,-0.07216374364309903,-0.027027935908646678,-0.0627745608200826,0.42439981983479363,1.4348273503541114,0.02083044765861613,0.019928157643807103,0.03499578903302711,347.38605056825725,-1174.4562160296382,-43.55224122966961,-16.311891889300526,-37.88568438805283,256.1336538011055,865.9465783067894,12.571585612809491,12.02703580981652,21.12064825138511,0.12041550240057573,0.12335323529426276,0.0,0.0,715.3874041014147,61.47790235097324,0.9208641422903584,0.07913585770964153,14.414944767836351,8.201452828403035,0.757608690732809,0.43104514373841385,427.76000000000016,2556.0,31.811891101148547,-9.749403961750842,-1.3142761519316097,-10.593389742507512,-3.6684575342917873,6.48211610131966,0.8704272309256226,0.44043932114825635,0.5261003950764258,-1.5916447228092923,-2.3596105521719895,0.14268748393724343,0.14726608160787305,1.6995450295666117,0.8540593168294666,-2.368704417083389,-2.217707635974804,1.056437773200792,2.8695662779626017,-1.391997845575747,0.7274190880283412,-1.7567114500296521,-0.16071802442671043,1.5835618863208316,0.5143391558381877,-0.4399192853750624,0.06251309859508805,-0.953831836750962,0.006924943821741518,1.55919280277416,-0.7471761040115863,1399.6335260840317,22.751761887504223,-10.41380953953148,-1.0099577996144071,-7.570170115726619,3.2644034214914943,4.06830258480267,-1.6104017283877756,-2.8923364563164387,1.134969246710971,0.1985260416715487,0.6708245092536536,-1.6325907437528897,-1.3561130331621927,2.5167935132169466,-0.24959560453665305,-0.2015577917580509,-1.8751162758591726,-0.05981938597172583,0.6678649906950741,-0.26074716579595836,0.11478144732289819,-0.4358711784667284,0.14127300724475186,0.7924394094969439,-0.13106887669615688,-0.8207108851533313,0.6634947791661925,-0.5717136428275896,0.18130496028424445,0.23778212590994152,-1.0875587851265691,1158.3535201691561,20.580565976485882,-6.18219232355561,-1.70831636621037,-7.1153852529470525,2.194094392430141,3.07148961760922,-0.9633352527445342,-1.7118064326736102,0.8573967038383941,0.25707481288598427,-0.0834761867133444,-1.211773482543686,-0.6486613727743297,2.2492907157495488,-0.10969096840442451,-0.8125931826681221,-1.1493295280145421,0.38350861806506825,0.9510737498545462,-0.46320438950207726,-0.021799992964040595,-0.7632771702905492,0.15731293316976158,0.7750618681696257,0.004570259383930314,-0.5550539845443947,0.3312090287795837,-0.36085859318290975,0.10368534095240262,0.32955665482587304,-0.7133491203185106,2734.230160376293,32.88898480251948,-10.751645573288888,-0.8249839940337809,-11.11858934519242,-4.145150748473237,7.352889754555467,0.6703771369661511,-0.08030941799049618,0.6319790331326532,-1.2873399672608208,-2.3287794064877985,-0.0354094665363176,0.08569235915660907,1.739353808831378,0.8424478707000799,-2.0983986331298863,-2.5515783398604492,0.8046350350255771,2.8394624785754567,-1.3969287513784854,0.7981846561667751,-1.609840770376018,-0.1993391975600462,1.6319596791245692,0.5924954683776396,-0.6384717117165034,0.18836491777219316,-0.9652343443097521,-0.046532985572641294,1.5956598016796977,-0.9833565833767602,1281.5817871844424,21.376346694046298,-7.563590142399244,-1.0362960851605314,-7.675296134582946,2.657765151985758,1.3602842844211205,0.6370018581885325,-1.6636248273383738,0.874596102263516,-0.20163686341816817,-0.27196752478007835,-1.052110782075262,-0.6239961358572425,2.5260558159621116,-0.04962672459312839,-1.2967821700726454,-1.12148447094199,0.6948510685042774,0.9113717751426883,-0.4165223830038939,-0.007239901321396215,-1.0680828842719206,0.22630616514889415,0.9158461049238202,-0.0026284837768986735,-0.48779147601666784,0.3414442818892668,-0.5090382445019699,0.0092053306311698,0.4939005976666487,-0.5636777568922943,,,,1.544903441013046,85.366997,55.193003,63.6,63.6,555.891291264175,642.1427829380008,8.918649763027789
ORTVWVOHHQMYJU-UHFFFAOYSA-N__ZBJDDJGPQRBYEB-UHFFFAOYSA-N,287.662062840026,-912.1773325029844,-59.197088577950154,-16.28888093755329,-50.67651847238802,383.7572191345101,1216.8953841979235,23.14318817169712,21.730274717820063,32.02356274205062,96.09515629448407,2129.072716700908,82.34027674964727,38.01915565537335,82.70008121443864,0.42843878715257944,-1.3585807810291322,-0.08816709642871894,-0.024260371089805926,-0.075476710057174,0.5715612128474205,1.8124224562321622,0.03446905501974373,0.03236468671843147,0.04769532779558322,193.14185568336416,-612.4534496226015,-39.74606670799031,-10.93666874326074,-34.025191645700076,257.66199652383744,817.047025096297,15.538782784842459,14.590125448148163,21.501237502534135,0.15366398620248942,0.08208217224148782,49.24020231095279,10.360866220254135,502.1418083937402,169.2774735807959,0.7478811256611843,0.25211887433881564,13.241112443509278,7.220127700187048,0.8339166554029576,0.45471894971133525,323.0400000000001,1540.0,33.982279829881335,-10.031256889358694,3.3881937727937648,-8.996329643195594,-5.408874558083225,5.2997331708138296,2.072807554494565,0.011279313982935184,-1.2358865662014233,-0.5904688420847111,-0.6184600313812085,-0.5849584560935558,1.5439665668668185,0.7718315861242362,0.3972065617142118,-0.952526700209127,-2.0634037472676305,0.9957303351098854,2.597023067865187,-1.8370213739127972,0.2757819054283935,-1.3156558432400476,-0.21164403408474458,1.3352178610019374,0.4592620030982216,-0.44023640448347295,-0.3795737605840499,-0.6445542566408661,0.2391584074135602,1.0582220342129742,-0.36946660636350553,670.928260343092,14.622466076056144,-3.084440150870293,-2.6939015157283692,-6.242759224675077,0.30397586027489826,6.322202297308326,-1.738744235260791,-1.4097613802760884,0.3264032728458651,-0.48510483964946965,1.959524982796963,-1.8162718339588564,-0.626368753751202,1.457018504352644,-0.3883729856764245,0.3505647196719019,-0.8610889529547903,-0.5295243313219723,1.3064511428862902,-0.6707025277670019,-0.2610743739243586,-0.37628059519884083,-0.12233698679869007,0.7433375039016484,-0.15447267095256886,-0.5331762409490324,0.05258642170212307,0.12011621037173399,0.4444969767831938,0.07641264345280742,-0.6365803537950433,629.2147599190353,16.451874814154145,-3.7258820585472785,-1.1394398931197114,-5.548627765985468,-0.4204235741145841,4.741530200664865,-0.6680497331500337,-1.0259947315257576,0.23300080066491766,-0.22398525505718356,0.6492134110510361,-1.170738057352244,-0.030557774067171035,1.2399481477521197,-0.28140337867764625,-0.019754104045365314,-1.0061754098253228,0.005079430034949586,1.3530112253371565,-0.8044905011043271,-0.06387498451429409,-0.5670476558608651,-0.12279628776873318,0.7290511095496617,0.002186706713519581,-0.4200548421192643,-0.014167114381729105,-0.08963660885548694,0.30152322686017463,0.29656633208267263,-0.46103377063248746,1625.7340823890565,32.960930201674465,-9.80100759053986,3.2880271845081017,-9.650188686638737,-5.561479155141954,6.125993452513542,1.8539140358760378,-0.20269897673587908,-1.4427641208997177,-0.4950625286690428,-0.20490732271839487,-0.9122524001081491,1.3523831744759354,0.9339386057645274,0.28363372182434526,-0.8395832274639566,-1.971349090033551,0.6459005711334548,2.6472724617140098,-1.7720153286275981,0.17961941716050742,-1.2076804561078158,-0.24198720555462108,1.3897510609344805,0.43073446434617413,-0.5045578116450272,-0.3156246772663805,-0.539986425372637,0.27439785737561895,1.0020891229801048,-0.45177782345837336,668.7922106301131,18.547122474828083,-4.286677888409026,-0.42804470531471395,-5.52457038257178,-0.9905164241353563,4.227963437335645,-0.08743952149713713,-0.773316629734948,0.10046112815548061,-0.16607259156918666,0.029173493423570326,-0.8379883411824263,0.33080538977762747,1.0752610979297121,-0.15327055458166394,-0.2687946658433955,-1.1197028565975526,0.29434908163417695,1.4380627675277193,-0.9231656747722923,0.021435815152437226,-0.7014456983198667,-0.1477549685066821,0.7968576373553934,0.08006201510659838,-0.37935893685849825,-0.07084339290753978,-0.21628444329638308,0.25940808431800283,0.4330439900151554,-0.37676353465455603,,,,1.1406954812849022,61.737032,32.650968,108.65,108.65,411.56638558406604,446.1653283080007,7.967238005500013
WMMOVSIXBHEQBL-UHFFFAOYSA-N__RKZNTUMZJRNPDN-ZWKOTPCHSA-N,389.0072462206677,-1317.420496695411,-54.38248239194947,-18.297506898547372,-41.16939052173159,330.78276443905895,1120.2361859819605,18.485589441066516,15.558835916416118,28.005904649549016,-58.224481781608745,2437.6566826773715,72.86807183301599,33.85634281496349,69.17529517128061,0.5404454638987299,-1.8302844957349764,-0.07555326079352641,-0.025420617996319114,-0.05719639049171801,0.4595545361012702,1.556337500370703,0.02568191995902176,0.021615798616259764,0.03890843750926758,280.0035299038853,-948.2661133597322,-39.14396758060371,-13.170362685551835,-29.633316042491632,238.09412954164407,806.3348162493669,13.305742620836597,11.199094670130094,20.15837040623417,0.12021349834338131,0.12324010802291929,0.0,0.0,623.2872155109677,96.50279514875882,0.8659292380838839,0.13407076191611603,12.665044072317121,7.148074125734311,0.7718120782660546,0.4356060598827003,427.76000000000016,2556.0,18.488446416293392,-1.8798190213650325,-2.262985266851345,-8.452927980652795,-3.2160426691258746,6.619626022755291,1.358102199084391,-1.2953155991870593,-0.1501355067190437,-0.4807635164252501,-1.3529703577611085,0.558721661526495,0.4183307761668923,1.8158068493707824,0.8513816953785509,-2.299694440732378,-2.511019252859462,1.075911671267891,3.406454047266809,-1.6171843158834247,0.2239197013723767,-1.3100495621262838,-0.14021933903395173,1.8778360870019675,0.6598374636396526,-0.3030637551860662,-0.5877415569716153,-0.8068699233979,-0.12135113729954862,1.3756524299157573,-0.5149536650284464,1399.6335260840317,3.0392439643437403,-4.730418546443687,-1.2192838753058162,-5.107971945677197,2.646365570900783,4.285425257551122,-1.9460158880976506,-2.8214817048886673,0.7272788837228576,2.1992724588423016,1.8794719206035255,-1.4120495637665271,-1.3850930421037906,2.7741338024887776,-0.2235907065290804,0.49454481459829264,-1.2166982413638179,0.29312907577414643,1.0665610573520603,0.06229965645920497,0.231054331936633,-0.44965628808548624,0.17773805131231848,0.721610958788585,-0.2533547835469573,-1.1825133724125227,0.7888816631669808,-0.4052393231540075,0.460513759930008,0.38312304011666143,-0.6985686016294744,1158.3535201691561,7.953683298436021,-1.274659912612958,-2.6535425724862414,-5.715328091388727,2.315934718994094,3.4602388271137947,-1.0612319879407652,-2.0641768783434946,0.6732867731465596,1.1765489355156373,0.9343379945584298,-1.0086470284750413,-0.59372445621636,2.4919460749040017,-0.181551658565772,-0.48227057517224237,-1.0646858369554508,0.556098139012879,1.3817459969222619,-0.3623855264299042,-0.08136369901173765,-0.5828890708025787,0.2215167379152413,0.8836799677460017,-0.025283141180704138,-0.5459106474529369,0.22920334537295867,-0.32058436700572635,0.24522365108457947,0.457772879393972,-0.5086780483196054,2734.230160376293,15.524116643913704,-2.8353771224829964,-1.405630242314579,-8.252356987042498,-3.8821730465774724,7.649952622742826,1.0847366929797873,-1.7152104249662499,-0.1559400041070694,0.10163595085487939,-1.190167705804295,0.46400623679057035,0.33324776485643304,1.7788302121761705,0.9522320130169918,-2.078672561283319,-2.637106562159133,0.9347877009263766,3.3738362350295183,-1.4664050516338967,0.29182990968611366,-1.1876152196002892,-0.24598925980582406,1.877312143317862,0.5462844714175134,-0.5641299478007548,-0.4022144404518718,-0.7884585402355848,-0.16220343400638362,1.382514927024183,-0.6694603099861038,1281.5817871844424,10.207823036593082,-2.029575706075289,-2.0631284133646774,-6.656683001634501,2.811727585183722,1.630456553825938,0.6195040551498089,-2.077257604949001,0.5861282679189764,0.6120896333249375,0.8316896335671822,-0.8925705131151227,-0.3747717433909136,2.5753899640848577,-0.15533054806726798,-0.9653929825620466,-1.2251156756488284,0.9278724047311342,1.3982544186794557,-0.3985333619212314,-0.097819746873473,-0.8717570538349818,0.3192210765259471,1.0874966013320608,0.09744782408310786,-0.5226416275350672,0.17120889581338716,-0.5122247161589177,0.2813707204004254,0.581067178983638,-0.361040674155093,,,,1.5807657219615454,85.366997,55.193003,63.6,63.6,555.891291264175,642.1427829380008,8.918649763027789
BRBYHDMYULXNDN-UHFFFAOYSA-N__KMUGMFPQYWLVIN-KRWDZBQOSA-N,376.6322086775739,-1909.6077772659733,-61.983740689180976,-20.53341695984918,-65.84854404365426,588.3498015651444,2983.0623375695113,29.456256005111566,32.07593911365066,46.610349024523615,211.7175928875705,4892.670114835484,91.43999669429255,52.60935607349984,112.45889306817787,0.39029972028477605,-1.978905054184022,-0.06423305308416105,-0.021278548969720673,-0.06823810531669043,0.6097002797152238,3.09131393736469,0.030525186679596795,0.03323993481037301,0.04830178027132328,363.44330585184025,-1842.7371516812482,-59.81319469260924,-19.81437797506719,-63.542660402801665,567.7469742402375,2878.60149118717,28.424757134036703,30.952704206313655,44.97814829979953,0.0953973789452337,0.09767299582222866,53.82875851785195,1.1096363344051583,834.1491877730605,130.83282246965814,0.8644194181021572,0.13558058189784308,19.834996906890957,10.234174481612897,0.9381140064132442,0.48403448058731985,495.83000000000015,4278.0,90.13715340085282,-12.424125634227682,2.5063900414602713,-17.82206927675479,-0.2661425917241266,4.136607827384091,2.2501737976998877,1.9272696397900966,0.3468814648722987,-2.512566757399022,-2.7356009844592233,1.7201385156999878,2.1014235654662285,1.2133405661651253,-0.33306249533018156,-2.9812993036182363,-2.844365085723972,1.4305359844584336,4.0901907670068205,-0.7278900420935748,-2.327405169968623,-0.6058458726245262,-0.9280656123269466,1.3725343168296333,1.4553580306375964,0.10233664852939162,-0.6983048154684867,-1.6791895260095382,0.8708293640040116,1.6115481308689579,-0.31932399848650334,1655.1169451715923,44.06732490134676,-10.424699975402925,0.17331074734740728,-9.632455036809416,4.790349113735157,7.548307093003952,-4.124219515410388,-2.8581471094874877,3.00179266850339,0.5725366771139486,1.802073173706012,-2.425203907765732,-0.8070073890677335,1.8024055502824718,-0.7208889057413425,-0.25848076772310485,-0.8652082732428817,-0.11003965627730013,1.5039251359979833,-0.046027865961924604,-1.055409174103551,-0.2397975062876138,-0.27030992602514026,0.4175811300199735,0.638753234319678,-0.7141923314358277,0.3535738959394871,-0.21480896499563476,0.46607866822440003,0.45169864219026234,-0.7732970771278334,1598.1512968858272,41.463457344268825,-6.6809414963508305,0.0220827453494449,-9.53009286743376,3.0157385783589947,5.157654429277903,-2.3847178889522294,-0.9566728901814975,1.7428066148684331,0.330142308353409,-0.36529595555925487,-1.2338442038993043,0.5795415947836737,1.28884943089875,-0.5467392206280929,-1.0616715118582074,-0.8200713696020314,0.4921487530767272,1.3546584940205415,-0.020120434124981063,-1.069493976126469,-0.36302888381160514,-0.24388234776081252,0.46009369986163146,0.5904335441267109,-0.2534560693322441,-0.0888502325923172,-0.41186761265846983,0.40535125415410495,0.6623625688890467,-0.41353005312451513,4493.368644798311,94.45200230953631,-15.6425558647653,3.8845990811160975,-18.786333192263083,0.017162933311153022,5.644122324866455,1.5929803983576167,1.1272468005822271,0.5723233046006453,-1.9601448762443556,-2.1836671451180107,1.0942737016699053,1.8247078111665977,1.4668344195537355,-0.5020146474412363,-2.711872822414052,-2.8005913904463693,1.0246562163773016,4.193917987049879,-0.6025264780594421,-2.400154479708202,-0.6051072302149612,-0.9727217228017013,1.4049239683249342,1.5332615768459106,-0.14101730702405813,-0.4409520786434829,-1.619428188956036,0.9275571176872007,1.4382530292500486,-0.39984882903337055,1748.7391548335004,43.57673076064304,-5.634443963985053,0.16916330946983926,-10.10324539043847,2.088434253034671,4.184975002486202,-1.3391321669913034,-0.17500073240037953,1.3724132266447344,-0.06373879940358652,-1.3758215296700882,-0.4643838278528236,1.1660797788935953,1.0340291507826296,-0.4612880518897002,-1.515714837544123,-0.9730457563520013,0.887704703442778,1.418482661158738,-0.06285960343960058,-1.1514698066535316,-0.4604288843851744,-0.3206529174232886,0.5756216485492381,0.6531160261610904,-0.07110904529640501,-0.2926405624790975,-0.5855694983552489,0.3984029730096921,0.8614750592206133,-0.27623340276085473,,,,1.3833760392730041,99.42289199999999,65.369108,137.47,137.47,650.46580711292,697.3157586480012,7.4980189101935615
AEHRXQDJQVVMOH-HZPDHXFCSA-N__UMXRAJZATIVFES-UHFFFAOYSA-N,,,,,,,,,,,,,,,,,,,,,,,,,,,,,,,,,,,,,,,,,,,,,,,,,,,,,,,,,,,,,,,,,,,,,,,,,,,,,,,,,,,,,,,,,,,,,,,,,,,,,,,,,,,,,,,,,,,,,,,,,,,,,,,,,,,,,,,,,,,,,,,,,,,,,,,,,,,,,,,,,,,,,,,,,,,,,,,,,,,,,,,,,,,,,,,,,,,,,,,,,,,,,,,,,,,,,,,,,,,
KMUGMFPQYWLVIN-KRWDZBQOSA-N__BRBYHDMYULXNDN-UHFFFAOYSA-N,394.34554149008727,-2003.444421332385,-66.26316896149976,-21.542413132606292,-66.7814807110795,567.9326499065096,2885.341355320776,30.742712995851278,31.02517586366426,45.79906913207582,173.58710841642232,4888.7857766531615,97.00588195735104,52.56758899627055,112.58054984315532,0.4098040930531286,-2.0819804909271586,-0.0688607198562082,-0.02238688699921676,-0.06939934969757194,0.5901959069468714,2.998448246170011,0.03194784343104879,0.03224137899107539,0.0475944166058732,379.4701144503928,-1927.870874323329,-63.7636023844791,-20.729794347562677,-64.2623624774443,546.5092031871127,2776.501060959882,29.58304226027242,29.854850117848194,44.07144541206163,0.09520566619406816,0.0974072442323104,27.07865174504474,37.27423404637309,807.653557033718,154.62463436287882,0.8393139990645894,0.16068600093541063,17.293371144023748,9.64819165852663,0.792395068016778,0.4420872843025256,495.83000000000015,4278.0,71.63686236075873,-7.47076855566722,3.4063387470585575,-16.275920954366963,-4.2129049668592975,4.431090815358151,3.270710465114779,1.9360013896021875,-1.103313133867818,-2.5480758707399533,-3.6560784136586313,1.1795979376990446,2.3051321137445564,1.7137051080775627,0.42060230987462216,-2.482335282855745,-2.7312524545302743,2.290384409621548,4.044953110937037,-1.0309059491574226,-1.6420347692662147,-0.6523010747350269,-0.6935810574716503,1.4775826676502617,1.215195748786021,-0.10779529651872528,-0.7618858164232686,-2.016863661497937,0.43963554111179315,1.652589367907849,-0.5832161173242615,1655.1169451715923,41.02698800052502,-6.258388704376361,0.458378306802811,-8.570812147122252,2.6897323258606884,7.4948091627567095,-4.148463099940999,-3.207549563718313,2.5723066278209132,0.08417590312073153,0.4486694285776687,-2.115447178908385,-0.5939643758914442,2.2210251226403463,-0.10708898217880676,-0.7042788491571006,-0.8547266692807693,-0.028523937584236426,1.502082427166333,-0.4142107914635971,-0.2232032896874794,0.1361055727070435,-0.5697125818984605,0.4212393593962606,0.2191502773819251,-0.4530942566018398,0.20908636781271148,-0.1910995116622679,0.11549085232499591,0.5356469948918403,-0.706808909879193,1598.1512968858272,35.29857972027145,-4.18825603121348,0.22895146151226403,-8.70899575701268,1.708979239753608,5.208067088452549,-2.027888428209631,-1.3592012761382315,1.2240042932835875,-0.10553476978107966,-1.0363206829646023,-1.2642041145575305,0.7254914683245313,1.5886061240346467,-0.16876342923301413,-1.2593929858317263,-0.7577634809530017,0.7181540546171105,1.2924372903440935,-0.2686189539414672,-0.49541587522829733,-0.23815023428775867,-0.32346520270800616,0.47947292216721255,0.3908779761945286,-0.2200661172554598,-0.14320586515126327,-0.40415528164799724,0.17081168510908118,0.5584846896558077,-0.3373524181599389,4493.368644798311,76.46295208263899,-9.813528893915072,4.908650126791859,-16.91277686151349,-4.435172608852087,5.788393112856073,2.5024635638424497,0.9376863998203552,-0.9880232346050605,-1.8727343169768467,-3.5888390024860364,0.6099413831416134,1.991925217275131,1.941629326419258,0.5445221573450544,-2.3075518685477308,-2.618644003209965,1.839038456629586,4.238025492078182,-0.9310046875359198,-1.6217805247182917,-0.4878330489239236,-0.886393604335382,1.4607207303588858,1.154434289290042,-0.2928850906637706,-0.5524806304217842,-1.940115518509017,0.3621391539407334,1.6094213887178432,-0.72004060662058,1748.7391548335004,35.944123166841166,-3.4201175998539495,0.5583097262820466,-9.128997835754339,0.9452496516851748,4.332396974785487,-0.8030303343267359,-0.5041494955706701,0.7511123197092698,-0.5260363110417605,-1.7963686276040016,-0.663559646095127,1.323142503337925,1.2950306351531125,-0.14238355475224362,-1.5857687261599271,-0.877852377307755,1.1514137357168144,1.3648910943095105,-0.28915131008824124,-0.6042280975675642,-0.4169871840391494,-0.2823092675069458,0.6050122989848116,0.5270085957928836,-0.1268301505675589,-0.31514983423198645,-0.6189639165260432,0.19428163829828093,0.685460643502493,-0.21309966203574449,,,,1.6070479889795657,99.42289199999999,65.369108,137.47,137.47,650.46580711292,697.3157586480012,7.4980189101935615
CYBIWBIFKAUICM-UHFFFAOYSA-N__ORNBKLYSVQXEMN-UHFFFAOYSA-N,184.7323641072057,-569.3573865645752,-34.92049680166789,-8.372902743596695,-29.9661782402408,458.0224399670201,1411.655508594125,22.223095316661986,20.759639832266547,28.809296093757656,273.29007585981435,1981.0128951587003,57.14359211832988,29.13254257586324,58.77547433399846,0.2874072086840018,-0.8858080607964238,-0.054329421702206754,-0.013026589129359174,-0.04662147688402231,0.7125927913159983,2.196258199310333,0.03457476346469384,0.0322979146957402,0.04482159590429252,118.73761449789552,-365.9571954495267,-22.445317079930668,-5.38172346249304,-19.2609050236593,294.3961236626008,907.3483598467183,14.284001276183918,13.343358233039977,18.51731346625956,0.12962962051517582,0.1594358511366512,0.0,1.0196719020396663,533.1536912078014,109.60111286642433,0.8294822346380044,0.1705177653619957,12.879556061700631,7.036974299543096,0.8302690209536346,0.4536322319005516,355.8000000000001,2278.0,34.32897875040894,-2.9249865393889576,0.6799826555780857,-9.555384386707724,-3.1340367960127575,2.4346156124460014,0.9062422350334448,2.228562466394679,0.1281522874491916,-2.2466432504236313,-1.4063651360651643,0.8882101850545612,1.7748417636997595,0.7035510724600804,-0.16770875245073114,-3.0532228222022324,-2.4493905406225407,1.8356039010692575,2.6145293016690627,-0.5520641564783865,-0.9576779516364848,-0.29085214532835163,-0.8639844481997091,0.9240610545079403,1.4654929981051326,0.10998090858805652,-0.6869997393795869,-1.3524635823197808,0.5016920497397048,1.0901021847295629,-0.33751970468589737,724.3265830243131,11.033829043910059,-3.91903649645737,-1.4121888483280851,-5.490814269556342,2.772183152507935,4.590200974766837,-3.4119120225769777,-2.548010858389065,1.7227358767941652,0.28070472593549994,0.944445498474352,-2.3379871763007083,0.34078102790551135,1.3093688071097915,-0.31568724612620636,-0.6476098441677828,-0.5169604545152495,0.32012896040760785,0.43763184380713577,-0.4742755694798483,-0.3622573398334344,0.05399745011599113,-0.17827592764698175,0.33484237123100874,0.3054087665504799,-0.5701829914387053,0.12269249633196037,-0.2172221995803126,0.2121567968589083,0.09896329281617003,-0.5005284817893926,808.4762489720297,12.992821779183584,-2.2663590399311078,-0.7550400199309315,-5.236709531055107,1.371590788101537,3.21254099214633,-1.9337452198163687,-1.1459288348794097,1.2166689328229356,0.022335936254417176,-0.1287711582587864,-1.2540015304367669,0.973567347820289,0.8062174944174223,-0.20949798401945682,-1.0945420014154807,-0.6362471893168777,0.6524354244669069,0.4519849251909852,-0.25554463052844073,-0.29382220405952947,-0.18992989538762373,-0.31729282886191035,0.5183006523467897,0.5124163981264388,-0.22931207558011582,-0.19039556821505127,-0.37872395569711326,0.2610520146216327,0.35543239896665124,-0.3027744795747371,2309.045303265718,33.908890952879226,-4.04167901978815,1.0011278770412353,-10.281674316940432,-3.009170854693588,3.306040380527815,0.4637067033756241,1.5911522529512252,0.10301691101395766,-1.8092578751381572,-1.2975055252726375,0.14853954455609894,1.7393542685766925,0.9070058329151773,-0.3151460003027365,-2.9864240715218378,-2.418239691141064,1.670057241713676,2.6480153563961704,-0.5835063554736686,-1.0424337847912872,-0.1792540646582443,-0.7879401472478479,0.8302447440926317,1.399815133369116,-0.0377736582855266,-0.5269512578103713,-1.2921521606259347,0.46712030952348055,0.926771612667646,-0.3046058768378599,935.8165827136702,14.492495710768612,-1.5600057368906688,-0.49381590298688394,-5.3959572751411695,0.5519216173840142,2.6848294301287794,-1.199647098671704,-0.44552013617231934,1.0763979023755057,-0.3521482671717268,-0.600574658135663,-0.6323238203658219,1.3019170392462358,0.6253380267273498,-0.16330021452325638,-1.4326272191779235,-0.7751865496537766,0.9106963665641231,0.5545355391068877,-0.18145166178230795,-0.32305413379250253,-0.3121955838299026,-0.4166599887823686,0.6458353554822741,0.6764813881912555,-0.10189184771756489,-0.367685744316463,-0.5131930914687265,0.2924547876577079,0.5315978214436198,-0.2342836679228319,,,,1.3618143830273268,72.916755,48.687245,86.25000000000001,86.25000000000001,468.1911239293274,463.2541464600009,6.8125609773529545
ORNBKLYSVQXEMN-UHFFFAOYSA-N__CYBIWBIFKAUICM-UHFFFAOYSA-N,186.81007877837024,-574.253552231589,-35.42518049189724,-8.444905179876306,-31.902975123977164,462.02619970570885,1420.26697991942,22.20554312651915,20.886279116462056,28.405339598388395,275.2161209273386,1994.5205321510089,57.63072361841638,29.331184296338364,60.30831472236556,0.28791558822023255,-0.8850515473229351,-0.05459802675439717,-0.01301546393121963,-0.049169530406829726,0.7120844117797676,2.1889450806260213,0.034223646030396904,0.03219036883273561,0.04377890161252042,121.20915629787537,-372.5965377362068,-22.985142274989396,-5.479360849061864,-20.699807652011494,299.779359979194,921.5207417047387,14.407761963928406,13.55177561330498,18.43041483409477,0.1299699144630631,0.15985445336630003,7.095688881994167,1.6950029037695358,536.3061737326396,112.53010475143948,0.8265662564147134,0.17343374358528676,12.949009178437837,7.162895044621937,0.8077898807354779,0.4468383684097392,355.8000000000001,2278.0,36.581283809707614,-3.396666778164464,0.41872429394794397,-9.043177010375919,-2.4100469467103744,1.845840765967513,1.8855821013263694,1.7088963015026977,0.7118676275099336,-2.803166965352784,-1.5020906426000757,1.295077604716879,2.336344601686888,0.8768592597626566,0.3480450389857302,-2.4316022881351276,-1.4279108629420323,0.8868745071631599,3.135974865956398,-1.102802909877223,-0.9970365282488105,-0.2693742062508068,-0.5723477486224049,0.8593861478125376,1.829381417830505,-0.4223465856454949,-0.5829113347961449,-1.6951744043948653,0.4659071471976698,1.2691124720882436,-0.45733737121834994,724.3265830243131,14.408886932562206,-4.193673553141091,-1.0366695016681093,-5.448982058174071,3.312753327870309,4.840169659984169,-2.908124157290102,-2.3398189899169908,2.126501210776655,-0.1625220861789275,1.1045082089060487,-1.7062603250025754,0.4815328725319378,1.518229496450028,-0.22676884324663163,-0.3617093883581311,-0.22488955458230808,0.07466057499636067,0.7187402470877143,-0.3623614759522861,-0.45432441588035644,0.006427510479920752,-0.010422766127340721,0.18360104501557653,0.41079155712017434,-0.6493109477245366,0.4197078818390341,-0.16993007663737725,0.013709729549609468,-0.005590365760687147,-0.34990477583766555,808.4762489720297,15.001742144399074,-2.9295222302556105,-0.719925244666587,-5.049246271809329,1.8344185344791846,3.385926608047724,-1.5064098746206203,-1.3437654741883074,1.496553519117192,-0.19352655827261875,-0.075424737821321,-0.8645971282623696,1.0671284666837142,0.8244173182326088,-0.13719847322546974,-0.7869861092314715,-0.2706923858673443,0.301118772916521,0.7881899774257507,-0.34938623299909066,-0.325712526760764,-0.2134307899400636,-0.263809442872687,0.4845531767892728,0.5860094298678358,-0.3707398829644416,-0.046855330778933446,-0.46538477647566245,0.09359968399764024,0.28276182073699413,-0.22528575099136788,2309.045303265718,37.00127167285826,-4.3135170075434415,1.0345326956884557,-9.963018011510693,-2.159138456956901,2.6732560822749925,1.3842275998671736,1.2763067583104488,0.7643024217207671,-2.487895873767446,-1.31253147876394,0.8071682108537044,2.2938675821551175,1.2637589090020596,0.2640601935667962,-2.3326511597132695,-1.4105646479063487,0.6764477980261182,3.1389491377434275,-1.0054786581300081,-1.1264831917144085,-0.20022672007344963,-0.37379927159409465,0.6816055241729996,1.7985714853092345,-0.5994002570306682,-0.32261925852933404,-1.5366998293169432,0.40969928994425103,1.0911062801774702,-0.42587172180960364,935.8165827136702,16.127432549673845,-2.287857068603039,-0.654314538807644,-5.092509966584336,0.986652955029006,2.7806099217973563,-0.7556027840247531,-0.826545626563715,1.3197539563856053,-0.540463477867785,-0.598224720035305,-0.369072653930801,1.4293254262753403,0.5373555822419996,-0.06691747539930187,-1.0959900592648624,-0.3422017458526224,0.48023719531313924,0.9468475751609652,-0.39322253493301335,-0.3184373762576029,-0.326235698757701,-0.41733900250866385,0.6707545479337966,0.7541623530902412,-0.2770490086078129,-0.27048724728530715,-0.6596459949791982,0.1387793693233506,0.4885022961162229,-0.19804184067471156,,,,1.3855694003183991,72.916755,48.687245,86.25000000000001,86.25000000000001,468.1911239293274,463.2541464600009,6.8125609773529545
AFUOJIDZYVVEMX-UHFFFAOYSA-N__BQSUIZGMVVTCMX-UHFFFAOYSA-N,315.63120820350946,-1422.026939929595,-72.86391392925337,-17.341791950360914,-64.63758817861795,597.0147723141289,2689.756487005029,41.91132688613587,32.80190837811011,44.82927478341715,281.38356411061943,4111.783426934624,114.77524081538924,50.14370032847103,109.4668629620351,0.3458418871515639,-1.558136419034075,-0.07983809218983917,-0.019001663646757008,-0.07082438268336702,0.6541581128484361,2.9472068517514773,0.04592287456562777,0.035941546972578994,0.049120114195857954,288.05955349285875,-1297.8071709145422,-66.49895817231625,-15.826916718470024,-58.991235041570086,544.8631322621427,2454.7954464363834,38.25020402079273,29.93652983459004,40.91325744060638,0.10925656637908163,0.0512281462952346,1.5347129615316193,200.5963481323684,673.375754030627,239.2702264870113,0.7378279950881929,0.26217200491180714,21.629058273199394,11.630273538850487,0.8597205131030106,0.4622847933577589,450.94000000000005,3321.0,63.30668263297852,-11.396733640428465,8.825917695196074,-13.821649826896586,-5.139919848813777,7.316508273149978,2.138032952775272,-1.2772427879480095,0.5398361542266962,0.02196455330928307,-0.9040061750282508,0.16605398954232245,0.9305007477587929,1.8949287931251886,0.008159748259431263,-2.2986215406270603,-2.8332204627726205,0.6311169897384131,4.17219061899145,-1.674544898883011,-0.24614961807534583,-1.6941687238666208,-0.15417288571203328,2.037902305432711,0.5009729747221273,-0.7581454974768409,-1.1430859644924651,-0.5875650321335965,0.29926961487809767,0.7801995861804448,-0.2319421124162645,1425.499625504913,37.57705818070299,-6.230824520589694,0.4566333841034643,-8.64669145440077,4.262469568771139,8.23917521777897,-4.276546677020433,-3.0651777684102566,2.9999641921122207,-0.3065306869174309,3.0487280718613614,-2.9832149316824146,-1.8226685463152419,3.482335212866896,-0.7849195222640101,0.29726536844400947,-1.6915397064219533,-0.5110161150540208,1.8810280134628132,-0.7594760577451599,-0.4823145699622508,-0.7214753246693862,0.6347894465477275,0.9718277150827367,-0.4741329121240436,-0.7941698421504262,-0.05345885073167297,0.07431857289826686,0.5327453180586051,-0.3964233878811503,-0.40085595458508166,1385.4356588780124,35.153996008567184,-5.027323778856861,1.212517443404402,-8.160394501450087,1.5477779931834474,6.7241529416478185,-2.2887479616637383,-2.2850830466850467,2.078675762380996,0.09666958055752475,0.9420890769011865,-1.726866344379418,-0.6368086666775513,2.3756994946048033,-0.5603019547724004,-0.4654347290147226,-1.5671033794119706,-0.0644290079416076,1.9418258857115525,-0.8526792495223715,-0.2582667808359895,-0.8000752726159799,0.24985357428202795,1.1557443607938231,-0.3087835537368056,-0.5566136848571491,-0.198570850950571,-0.12544462904096013,0.37279760359442493,-0.003532705061009904,-0.2851529473145326,3463.971754718113,67.02168014916907,-12.993878735477827,9.197936888064628,-14.278074970779258,-4.6297900745415905,8.192423521600357,1.5275133257094207,-1.843257364973668,0.66755893875335,0.18939110615530444,-0.29951741399743775,-0.41434121280463243,0.6045205600349479,2.3193788847665675,-0.14893669338666157,-1.8778970533601755,-2.953268069308081,0.3351877828811186,4.21124598887093,-1.59627005513398,-0.38088582326847586,-1.6871378531386811,0.04041600772655038,1.9103802521985014,0.5122499978847792,-0.9301069321753921,-1.1497435436613312,-0.43104597171004766,0.32313769185024416,0.6068956617792302,-0.26934742060134886,1489.5132468984743,35.72919963098388,-4.694213314206936,1.9712211628628276,-8.416626611555467,0.2204167926722843,6.151469984623407,-1.198483885253794,-1.8766434182653728,1.6999407756900293,0.14643705028738838,0.053986520886754784,-1.0735209420191805,-0.10559670607186394,1.9877545751044179,-0.4265230426986108,-0.9317629541445822,-1.5781608271672989,0.186144457240602,2.1051484685461825,-0.9365800346532066,-0.18755240255186148,-0.907083305024258,0.0615044034894291,1.3188120254214915,-0.19961141213469538,-0.4783324565620933,-0.3099463313440217,-0.26127921100891777,0.31543902548161445,0.230694889805504,-0.23443709770253043,,,,1.2263481292340943,91.815755,50.008244999999995,111.49000000000001,111.49000000000001,558.8402101368621,647.2443069000009,7.89322325487806
HSFRJQJIKUCOQJ-UHFFFAOYSA-N__KXXJYZDAWBFRSK-UHFFFAOYSA-N,440.7421103134124,-1320.363234240883,-69.22570329556314,-21.296181197433597,-50.78320131695703,367.45849878791427,1100.822182758754,31.310513838234204,17.755196496108933,30.578393965520945,-73.28361152549815,2421.185416999637,100.53621713379734,39.051377693542534,81.36159528247798,0.5453375131744738,-1.6337072991185349,-0.08565410928425087,-0.026350117727718305,-0.06283489611994364,0.45466248682552635,1.362065519825339,0.038741017373211,0.021968798706860304,0.03783515332848164,356.20804201190396,-1067.1183701484792,-55.94825556894184,-17.211586615298053,-41.04301423647996,296.9801825398514,889.6851586178768,25.305176355336396,14.349760622868978,24.713476628274353,0.12815719234471826,0.08357409021770179,148.50038716309777,111.93500806185969,558.728492379317,249.47211672200956,0.691324017932369,0.308675982067631,17.293950138905124,9.43903563435169,0.8321734135600539,0.45420013597025016,389.2000000000001,1891.0,37.07896879899613,-6.5650090705323505,4.657240620469156,-9.816815793479378,-4.457001079249037,8.472129575299947,0.14136284231704876,-1.0652676803363952,1.047505925703508,1.6020962530767298,-1.267187498905505,-0.23649645201863523,0.6188691673888247,1.0793482875539182,1.262918743027092,-0.9784152826399517,-2.514244461916169,0.3725963353020359,2.7057541474479523,-0.99627278390498,0.12582289156023582,-1.3853381776058706,-0.43051193348001665,1.3065306694747558,0.6353295251256116,-0.47399064715608374,-0.01679720687410386,0.20232420367657505,-0.3649835915513852,1.005244652982482,-0.9509860432821763,1233.3125798964018,32.41271252503177,-5.313849756257138,2.910914839153243,-8.233094695211125,3.13537691694091,5.190682598232053,-2.902083203069465,-3.5161479012776296,1.7620945609415173,0.3891007190444636,3.04427393764059,-2.4674366224164777,-2.097576579913325,2.4328154063441647,-0.10038970927527431,0.20643863157123787,-1.4101073355963079,-0.26673054799447754,1.254333630741522,-0.10806545743237453,-0.5760394742448393,-0.9655907616289048,0.48770949069189173,0.7291552287144301,-0.14616349039153276,-1.0029565571330212,0.13459424649708282,0.47663034215352745,-0.039653742074823896,0.17481744476509029,-0.84370761278181,942.2547972687801,27.36945243239143,-4.380856055582466,0.5953427770653018,-6.940282990833171,1.1202554724753067,6.223263506173489,-2.280418487062668,-2.4117916810397007,1.2920252417878262,1.315301907828053,0.9848311606493296,-1.6031258278467986,-0.8509526220395216,1.5392007417089146,0.397968752668853,-0.26622264723872224,-1.5271923832785699,-0.1162304185608482,1.666667709483305,-0.3616687730444927,-0.2772312931804518,-0.9030177706031729,0.08435000623911025,0.8106769173941892,0.09336387018701237,-0.6825174324226835,0.004827664601141032,0.4224741034669814,0.028931721913026013,0.2257625525744766,-0.774428816142628,1991.0007734218716,37.51088091864008,-6.9915196787558855,5.5294745271049734,-10.258669905961924,-4.304528210086751,8.720919546970697,-0.24203113224765696,-1.2929028339458062,1.297262816806599,1.3230030573452254,-0.5892093659424569,-0.5445855342728678,0.43515263915854,1.2867623291962833,1.1850035856825987,-0.7316091252985892,-2.567127796833667,0.20652083791491802,2.6437071812766413,-0.8981205255042733,0.039542166820529634,-1.378018480748937,-0.3771975809321646,1.2152305524566909,0.6794964752177738,-0.5991321190496892,0.06540204683728063,0.26094662027400534,-0.3863700085547203,0.9318969090730701,-1.057660972378582,1009.3108567112905,29.11222773207908,-4.499845818013507,0.8712342843682832,-7.00297112991426,0.47261776887511503,5.9640897239648,-1.5946361382398146,-2.1538330645079427,1.0056709784066158,1.5373886289229304,0.2111759686301495,-1.3506751817263678,-0.5533081728910835,1.3832500962683565,0.5372903444291397,-0.5165875808285886,-1.5867019521635666,0.10878139938213685,1.7699706416827592,-0.44607266657431316,-0.19999760145790024,-0.9958244873229714,0.03938902253608606,0.9140963938927882,0.09140138711597676,-0.5901338175463318,-0.023987138176897363,0.33743499599562016,-0.015021170080662491,0.34087252081742875,-0.7129455249805445,,,,1.124374882067678,75.766446,28.525554,96.18,96.18,474.753320150327,606.0765893240007,9.775428860064528
KXXJYZDAWBFRSK-UHFFFAOYSA-N__HSFRJQJIKUCOQJ-UHFFFAOYSA-N,369.6519555829773,-1110.799429728184,-63.66546872682185,-17.916119834325546,-41.14071961956236,337.05331454573815,1012.8409276096942,29.62199504561019,16.336143993704745,28.93831221741983,-32.59864103723913,2123.640357337878,93.28746377243203,34.252263828030294,70.0790318369822,0.5230638162860325,-1.571800121889383,-0.0900877231539906,-0.025351614869183595,-0.058214819329236396,0.47693618371396773,1.4331871721081422,0.04191562776971369,0.023115922130776487,0.04094820491737549,261.2349851238758,-785.0078110448791,-44.99272227445991,-12.661416307175468,-29.074363372032554,238.19735370382472,715.7800213438275,20.934020010459417,11.544839053932701,20.450857752680783,0.1266268240176586,0.08331781912764402,248.78144618290224,74.00226632916207,476.41574125670127,230.28952887201424,0.6741363923463166,0.3258636076536837,14.84833870333372,7.602212365208158,0.9531602104786973,0.48800923004933044,389.2000000000001,1891.0,17.38708272549342,-2.8549137073150153,2.5949758941012275,-8.982563691969892,-5.379824182954456,7.5067290853619095,0.93100557245676,-1.2217500589148658,0.08380353563803711,1.0758142625462297,-1.492358245761489,-1.1574808663753744,-0.6234416558816207,1.632017772448899,0.7422631792413904,-1.0474882582563352,-2.523239090159723,0.7427387085523047,3.0682808089235287,-0.6576652960621441,0.20872682619974608,-1.4900816974565898,-0.4995159075435261,1.6935997179391786,0.8501598259809817,-0.8984560869301071,0.011080054330774834,-0.0567186412586029,-0.37774253719044415,0.9038272529347222,-1.003052002864601,1233.312579896402,-0.7833597754137807,1.9322951785434834,0.38263025373372256,-8.031417386434912,1.6250611951594047,4.547285476023008,-1.7535848704526256,-2.898264154068961,0.27255931875376876,-0.6154953322448694,3.486806966503791,-3.116993027188367,-2.43798852149841,3.138442427998886,-1.0232219231891193,0.38131644518190816,-1.872367811424042,-0.3141973853943523,1.3993648602288178,-0.14653845518024658,-0.19977357043462945,-0.8901958742565609,0.09652000390660022,0.6815116540243779,0.3965972860196861,-0.9358419500797351,0.12971632397647379,-0.019952279950099187,-0.010777347350666197,-0.11109620977371812,-1.144471807824773,942.2547972687801,13.157303497239557,-0.5428383869302037,-0.91736118644651,-6.710561123423588,0.3970317012777846,5.7195116757228135,-1.9394237302105939,-2.359247785112178,0.8134447832782093,0.9328067431448802,0.7901415854008079,-1.852805685077413,-1.3799122605975704,1.9361995610848945,0.11982818298514812,-0.20507306115246854,-1.447095204735598,0.11004337212228296,1.7849254233075484,-0.3523904646046319,0.011949082477086103,-1.0363372221903273,-0.01149815997084233,0.9793719139556297,0.1314928530596483,-0.799797603563279,-0.0028831004208414858,0.10443945070337354,0.06878474056901193,0.10481997520427144,-0.9048556614582743,1991.0007734218714,17.74188202697611,-3.0452144442636966,3.08866302955441,-9.731999043053849,-5.0432337534708385,7.822727581550092,0.8281689148808431,-1.414998414309608,0.1800826689284615,0.8656861953488241,-0.9315231479901753,-1.6022798940162155,-0.7747795900513058,1.839454097773864,0.643968555867029,-0.8036769017405953,-2.643281946315651,0.6103919163381797,2.957928352106036,-0.453550087921571,0.1846291114495394,-1.4803192850982392,-0.49598180045885903,1.6131262718319068,0.8598517861131072,-0.9741187039102303,0.01579473858476022,-0.0007131164332691137,-0.3837745819861217,0.8358883814071654,-1.0853244031236378,1009.3108567112905,12.027405039103815,-0.6617150107805758,-0.6243723655727477,-6.702916155824144,-0.31517545498522687,5.412382319104093,-1.3155701008904173,-2.0303937309835702,0.5121534046300902,1.047394970554317,0.15222183895225458,-1.5753694487636558,-1.1536509680998663,1.8133027594791893,0.21684818010133042,-0.49115634466785685,-1.5247998637783156,0.28805002557235043,1.9624282032358031,-0.48305796290815645,0.039527704624462895,-1.1526246684596704,-0.06452733871419686,1.0680612587287925,0.22300046443264726,-0.7567396335541337,-0.00038405062336973803,0.0607802492601919,0.009197581122760399,0.20831172150323632,-0.8462908874420639,,,,1.185334800179106,75.766446,28.525554,96.18,96.18,474.753320150327,606.0765893240007,9.775428860064528
CJDWMNLNGGVRHJ-UHFFFAOYSA-N__CZDPHRAWQMOPEL-OZDWGKQUSA-N,266.26035275958543,-748.662544535093,-41.258076523099106,-9.850822954409121,-27.72824239018864,461.6033285518425,1297.9218232747191,24.59559788599125,17.077918727298933,26.488200474994265,195.34297579225705,2046.5843678098122,65.85367440909036,26.928741681708054,54.216442865182906,0.3658107412089183,-1.0285752178020349,-0.056683796131663536,-0.01353388444476362,-0.038095378437112415,0.6341892587910815,1.7831935520346187,0.033791489419661855,0.023463073053087084,0.036391705143563643,193.8012405468713,-544.9242757252938,-30.03025546193152,-7.170056259543341,-20.182380582418297,335.9842980253527,944.7101563431779,17.902242421353172,12.430396793989178,19.279799109044443,0.13530328929909394,0.07525152089137958,225.0826301707641,146.9996331278341,592.6125111343523,135.25117017707583,0.8141806307282883,0.18581936927171183,14.505736886784792,7.567975880691361,0.9167260989552257,0.47827704722908365,431.48,2850.0,22.65625988647906,-1.8113682411571639,5.013860819812969,-13.25977781554366,-5.250251583219734,6.764826324010717,1.923159983694702,0.2209765812291214,-0.9172586867109258,0.43137673515721137,-2.3783345500387196,1.1691637118415181,1.560710224969048,0.9700302530054401,0.2374848393116818,-1.1917058911121916,-2.561675254796151,0.806074439839771,3.663053697314258,-2.1014786325796235,0.07134064709483091,-1.7026826200534522,-0.7163682079157405,1.4614053667577074,0.935570499729622,-0.4229024655777325,-0.3733334613861381,-0.7605462939858114,0.000875889254965026,2.02214203960699,-0.6204218748517409,1046.7120532114627,16.393148059787052,0.45684800728322766,-2.03767221492716,-7.814106898344763,1.613658246210589,6.2151212000497535,-2.9800335977576435,-2.6105718250867285,1.2428481279266113,0.7965070844662919,2.098869526003672,-2.0482385073337386,-1.0156689510155805,1.8929770972299937,-0.2749960858686422,0.214152127745903,-1.4164866818713382,-0.0738223173474817,1.4522977102516132,-0.5035986264134448,-0.28850905250182785,-0.6895343743876667,-0.02347165460763552,0.7319093338685322,0.22477136362962502,-0.5450160067949876,0.09017762508802855,0.4088194199153689,0.11855833196833794,0.41450699350446657,-0.570647193463709,1155.0114560809493,16.757098628897655,0.819054201393798,-1.0361503209219944,-8.125663062315247,0.5151448966091614,5.5916938220015036,-1.5843821972704601,-1.9863582061405511,0.5282594372421987,0.9749537608327464,0.3540574957268008,-1.2523377317432585,-0.1702717285755809,1.4329557207409462,-0.07601561786506371,-0.33085963378446137,-1.3961312005219193,0.38885039380383796,1.689664013172056,-0.8191632659615692,-0.10725760948187835,-0.896287153069783,-0.11078372255089082,0.8064144730108684,0.26651675034054223,-0.4064766684148706,-0.06432871203721711,0.14107617244294962,0.07751315467200093,0.6198012374875476,-0.46902251752461027,2857.185141706482,22.844882225851098,-1.917052245537635,4.946028956360646,-13.51169696014932,-4.865097780942734,6.914434747067123,1.6378273677082391,-0.06394586513542685,-0.7503230834940966,0.6174912025517079,-1.8992276239783337,0.8621518808611303,1.3646255080750878,1.2054951770065245,0.14660803454987636,-0.927330603770808,-2.4965412358408994,0.46514368777839415,3.6117949810990138,-1.9051942784564022,0.03644619648691378,-1.6507826257648728,-0.7185855135215677,1.434434955845625,0.958632179487629,-0.4914549260693359,-0.2609545894004941,-0.633835648285747,-0.04640437028403562,1.9614491561321774,-0.6595408861898756,1309.3777711194944,17.259266785864213,0.9224366423769661,-0.2735914291142338,-8.60588736399271,-0.4298192436285295,5.519767114901463,-0.8256267176099353,-1.6486349979503296,0.162843491115551,0.9624744574700708,-0.4456031619130438,-0.766002702821584,0.26149070970923577,1.2287491891679665,0.023116204813940153,-0.6149072501099526,-1.4921960879101221,0.6354430070529268,1.945254911901438,-1.0262954505191588,-0.04211060026224777,-1.044246816512792,-0.1890800439093632,0.9164793380188047,0.33814076892308087,-0.3753983837428425,-0.15976344341523083,-0.015280915650093289,0.06105394721718441,0.8190319544954101,-0.4344519477615117,,,,0.9946186690480756,86.135755,41.056245,74.58000000000001,74.58000000000001,529.389549103294,555.269733800001,7.306180707894749
YJRKAJMLJQDWLG-UHFFFAOYSA-N__XXHHGTYNUDYWSJ-UHFFFAOYSA-N,418.66817020155776,-2077.884668053846,-66.06592476886165,-18.38835989428182,-49.47344447747252,599.0208685056325,2972.989988498347,43.28786943346297,26.309645915914572,41.87309842955418,180.35269830407475,5050.874656552192,109.35379420232462,44.69800581019639,91.3465429070267,0.41139105785536223,-2.0417677591314756,-0.06491759491955199,-0.018068741231251996,-0.048613518074558944,0.5886089421446375,2.9213147390042153,0.04253545806924797,0.025852342823046152,0.04114527801414388,426.0740076697217,-2114.640450376128,-67.23456746932438,-18.71363230421352,-50.348582151812565,609.6169718350435,3025.579323480984,44.0535902314233,26.77503826089366,42.613793288464564,0.09387717411644941,0.06187383189474814,97.1211845526654,74.45090904511603,773.339265699683,244.3497730075074,0.7598974109833055,0.24010258901669446,22.104695891995636,11.487782393109567,0.9241917313174516,0.48030126950222257,637.3900000000001,6328.0,38.442968386834146,-3.5320564251995057,5.288548397761398,-14.900758318358543,-10.60257459411381,15.089708298939561,1.232408687174579,-2.1000221057053494,0.5309426267539573,0.2622252729135055,-3.5027174257614213,-0.5858826126312827,1.4494279003386858,2.8437058433859064,1.1286411605138593,-3.204116657490615,-3.613649528007924,1.6816479029839577,5.154707760084978,-2.3328130934829807,-0.34041978156920616,-1.8102857865520772,-0.7791416477329636,2.975215280596372,1.2079897969688715,-1.3062336734575466,-0.2867835299956088,-0.09755032383301558,-0.46766675845248773,2.317577902069705,-0.8305525022380192,2616.253146775691,24.70093065498573,2.052644695231025,-6.526729476251105,-9.580222957564052,0.4887294036383301,12.683647990174872,-5.876172283710182,-3.5589030391108207,1.341176558630572,1.714551595700901,1.7935323671853023,-3.9349768007591726,-2.454325974143565,3.757265041273792,-0.4206785737956997,-0.2548280701700917,-1.1748116736474408,-0.10277158393416609,2.619827947335134,-0.7895967827514645,-1.2396304833076166,0.0642052649048937,0.44972171475091005,0.8638801396217071,-0.08270836262391017,-0.9126905608725451,0.21753042678235796,0.4779474062870002,-0.19137132330211057,0.1080281812253791,-1.2649114878187033,2752.53368844701,24.159746494800675,0.4368465174175153,-4.674419353173581,-9.657365416382932,-1.3903398520352066,11.394380449346707,-3.766306487885131,-2.6811329788557043,0.8623710312933625,1.8976753815182004,0.21214581512680167,-2.5832695327257023,-1.2620017455310046,3.2398075070666907,-0.13379368293924754,-0.9412240848476312,-1.5191047325292322,0.39774140718862183,2.9128183890338564,-1.030519399411219,-0.8636645061185969,-0.46875399563285153,0.10913438371453316,1.230201219809339,0.20877072846845607,-0.9175883270555625,0.06578189005127452,0.2612506684717041,-0.32926573686672933,0.7413754574485616,-1.0951453488520317,6423.7960144902545,40.57553298634139,-2.228336077778373,4.5605591893759065,-15.082599209809008,-10.246862658925592,15.771255038326903,0.9077425547601206,-2.4627556963642045,0.6069178631197301,0.4351117140192017,-3.2319041522964373,-1.1453727282258208,1.1195870394946228,3.065707403750048,1.0100789892420254,-2.932328387774815,-3.504274002907612,1.3799163935182877,5.051869879061459,-2.1873617708855995,-0.5610592161782434,-1.5743287862814133,-0.6922238443583267,2.8494670212635307,1.1348782238132118,-1.3390566320993407,-0.13426606119316367,-0.024212911298381355,-0.3942528121373966,2.058105839667833,-0.9498867966193716,3037.2499677914866,25.022424071450033,-0.2547809633490105,-3.4149071308684853,-10.020186060940071,-2.6956707800936126,11.236915130286707,-2.607212815325631,-2.414379357823117,0.6959082745201601,1.8422823737777188,-0.6118118183053113,-1.8695787827842467,-0.6446266792935356,3.0236742269538044,0.06598937276908577,-1.4117186660065426,-1.8257480799999941,0.7351962002594116,3.1957871445227393,-1.199104608361461,-0.690871038524033,-0.7884851649733312,-0.0631477796858578,1.5181071726843285,0.3917383909265949,-0.9455373061202691,-0.05139767359387423,0.13716096858282656,-0.3867957661710119,1.1111683401487595,-0.9914380324203309,,,,1.347576272836449,130.842064,58.139936,147.12,147.12,778.8769704396216,874.3541916960013,7.737647714123905
NERCCRPTUIHJOQ-UHFFFAOYSA-N__REFJZUARWVPHPK-UHFFFAOYSA-N,280.4201391678454,-667.8438196068391,-52.47061693865554,-14.20944297035828,-41.740238725427446,277.8064906680494,661.6191989273354,19.79427714959696,14.077004232496503,21.342554804107596,-2.6136484997959997,1329.4630185341746,72.2648940882525,28.28644720285478,63.08279352953504,0.5023410281417103,-1.196366822921309,-0.0939951878578072,-0.025454613253644873,-0.07477292643258181,0.49765897185828945,1.1852161175503855,0.03545921332240277,0.025217364203199696,0.038232777985496305,156.53798922577894,-372.80820467585716,-29.290495659075898,-7.9320894611884505,-23.300512792241072,155.07898103216218,369.333455651931,11.049692623257174,7.8581586308921505,11.91398244038487,0.15977143335275418,0.1023560096252773,188.90701364090037,42.00494767590415,380.3260677542787,177.90056208161607,0.6813112227664334,0.3186887772335665,10.645732960028354,5.638399759852991,0.8880770100461836,0.4703605866290701,295.17,1081.0,22.268746074853155,-6.166129726169421,1.330331911441489,-5.964235478347467,-3.331354816325082,3.610383541639163,-0.23610470487033014,-1.1841940710024843,0.882940196569659,0.0937115358680177,-1.2789640986348598,0.07091607128324767,1.1304857622950413,0.8262857979564062,0.15156996966161454,-0.8061640675589926,-1.2028917154269567,0.3827161836406456,2.177976647690898,-1.3016396558048198,0.2556440269979712,-1.0852381243981484,-0.4115336857012944,0.7699175985059833,0.21249335976849093,-0.41527670199113026,-0.0963860428200661,-0.22619323435331135,-0.3259652803557721,0.8586947168915209,-0.6243893330647587,637.3757794138486,1.4806550743211195,0.4956388431326482,-2.3671842471337983,-4.892437767253774,1.9380229124427133,3.3479648683330376,-1.793103697593409,-1.4905010601614392,0.7181879971866009,0.5457210712382139,1.2373870165089564,-0.8379090655652938,-0.8538226024548693,1.5110104968792695,-0.7483346726670506,0.5152016187218847,-0.5507450631780983,-0.2980477301904761,1.5463210514060235,-0.9340380076306665,-0.2176851409068763,-0.3189147884811137,0.008588852637751637,0.3277777691968111,-0.23684965588289236,-0.45274039641898306,-0.015358258309107708,0.4000410520837116,-0.19541124841942473,0.15329434745233825,-0.7001960303377939,503.88326283122274,10.11885183498066,-1.7818309943620358,-1.4855731027352292,-3.787519368742907,0.34169548134651095,3.2382476801936253,-1.4300647196510519,-1.338861223172557,0.7173430300243253,0.5485821784900767,0.22214254939858458,-0.6244129034173413,-0.11175002155612332,0.9945469890338512,-0.28905551483361486,-0.04815076604082786,-0.5102288385513539,-0.06357722168918328,1.3000710945285678,-0.8212286863372911,-0.0012729572093364352,-0.4571372713616053,-0.009051206833781503,0.4062081733663488,-0.05255402006065921,-0.4279172534904478,-0.04342863533826738,0.08633775622035945,-0.08023245877244832,0.2649178118065644,-0.5556517389367666,1147.7874897420807,21.110976436574663,-5.996432791652566,1.6663600325692558,-6.609821125073509,-3.187976011566113,4.0385589571836835,-0.3512130727264046,-1.416929353512196,1.0282436836372746,0.13955335879650105,-1.0396994918658848,0.03659118877108562,0.9709437045669604,1.0340429661880508,-0.012716498037136002,-0.5827523322539447,-1.170051341759407,0.2735755998580487,2.189449510950361,-1.2577657445517105,0.15118624381896278,-1.0670857274399834,-0.37530123246568403,0.6365067785350463,0.1651170486190896,-0.4568901796054136,-0.0017025146014443284,-0.1252821557067587,-0.3702646536529014,0.7695971433806876,-0.6697982362823054,556.5004562271498,9.769100097120734,-2.086360461114298,-1.4380798912289203,-3.688454622873394,0.2366465208004764,2.5063854478347465,-0.9526287507952457,-1.0216098817274817,0.5074530390811839,0.5810834258198585,-0.2757135701299656,-0.44169412417967435,0.1375759943644953,0.8388897558421371,-0.16138774461226338,-0.23108699990224507,-0.6334030931353801,0.04805956803015535,1.4477621933155425,-0.9546150056264853,0.13705025550283245,-0.5088402334468533,-0.09172562902284874,0.44493014397715724,0.059421623215790566,-0.38189388106347233,-0.14969043857406242,0.015539410659675325,-0.11498217106514952,0.46478284550071586,-0.5666244243285109,,,,1.156694395906276,56.447274,25.884726,86.71000000000001,112.01,368.82073651141627,436.06598395600054,9.27799965863831
DXCFASBQOCZUGV-UHFFFAOYSA-N__MOPOUCPTDHMJOM-UHFFFAOYSA-N,312.0128151970928,-938.9728590000735,-58.05724458977694,-14.226861500001112,-44.71299328571778,519.8210718876124,1564.3520210234688,29.307530253858246,23.70230334884043,34.76337824496596,207.80825669051967,2503.3248800235424,87.36477484363519,37.929164848841545,79.47637153068374,0.3750902915131187,-1.1287985180440938,-0.06979427682761016,-0.017103007849152935,-0.05375231038305208,0.6249097084868812,1.8806062668425185,0.03523243126890534,0.02849403434609876,0.04179125037427818,259.5428328856395,-781.06944316907,-48.29398344054163,-11.834385502561666,-37.19378300805095,432.4047828168107,1301.2810224167667,24.378996811919507,19.716379127526764,28.91735605370592,0.16188027045445205,0.07513834163697101,62.92555717929148,84.88766059385534,661.3083017613168,170.52558532338836,0.7950004346167927,0.2049995653832071,21.43656400686631,10.899921751450487,0.9666713666099188,0.4915266388792928,370.7000000000001,2145.0,62.26787712759765,-11.387388415658299,5.904723535729061,-11.890950366229236,-3.2855704652563826,6.779496477230824,1.7589579799654216,0.5492010955010516,-0.9150105872820085,1.153731782835126,-2.336331410683539,0.9716869348934958,1.8049063453779919,0.3683874405762624,0.8494914172272632,-1.617051582160519,-2.6943865275025503,2.4300684730862807,2.7648041071462885,-2.221223915498972,0.9465416172724175,-2.011585772878721,0.15584257247459987,1.1036157818397578,0.8689243971857458,-0.42417409683450574,-0.33915814015829315,-0.8807523884267684,-0.2692771996413851,1.8502367476062505,-0.5083196069619421,770.3155479039729,32.99384826618008,-4.225900628831568,-1.8275137936317978,-6.221785585151375,1.984222170579362,6.52462256418844,-2.8116574555718032,-2.057906624283991,0.9226300770671212,0.9060173686027032,1.082090896311743,-1.3681545080215325,-0.40882295773051797,1.3456716761437053,-0.14600195099692398,0.06720204670341652,-0.8259243325179042,0.6166310287105614,0.8934250523760887,-0.7295167821527607,0.499232785743614,-0.5593388229148417,0.1337237416814536,0.34544036806990525,-0.009376127168766546,-0.3047408780638834,0.1281053535128777,-0.0810658809955684,0.3689495203320497,0.12834694006228445,-0.5867395121499605,841.890027409304,33.455472662714016,-4.134145018538076,-1.0812907592550272,-6.20237247748512,0.9133514141589171,5.284088871594523,-1.4321566420033955,-1.4070835853157726,0.45142499451438406,1.1510856648963055,-0.20561074390659317,-0.8056023773602607,0.24548183558117367,1.1527407448965687,0.067754672431501,-0.4271532429668895,-1.0835466861213996,0.9248975914122252,1.0941186719975302,-0.8456999974774114,0.3969360744005158,-0.7542421077372126,0.07207085027466836,0.5313918606363713,0.1721544453702005,-0.2854894409429184,-0.02451656500272373,-0.2709703042090249,0.10780340631361458,0.5870519740242774,-0.496468934845482,2171.252033680453,62.77692620135407,-11.52808302527585,5.951000424571784,-12.45242235643346,-2.9457957142882245,7.233493570366276,1.3090654430976525,0.36072172738931624,-0.8632215592452922,1.3449670161517764,-2.026987671803391,0.8121905670390511,1.57775534137887,0.5048005788393758,0.6804172220033807,-1.39380245716301,-2.5738084295560784,2.2554138890254953,2.760158903874804,-2.1523270627773483,1.0434375849026671,-1.971347302785554,0.19162889541049188,1.0603232921484373,0.8067106992823464,-0.4605845529963708,-0.2679835122272606,-0.7855442356338281,-0.18853550171361447,1.700989370861995,-0.5726798414500673,947.0029504574509,35.85920134166831,-4.369870287047009,-0.49439858438236367,-6.434705199981219,0.14057745339953875,4.947364088635427,-0.648717715773492,-1.0950064056018143,0.22728601749484403,1.1967278527507663,-0.8553041117283712,-0.44079558126570034,0.6080603776137701,1.0179731901857454,0.2314809968210511,-0.7392306833999298,-1.294716371140225,1.1816780470847041,1.2672929322770676,-0.97760514000951,0.3783278376519137,-0.9215461152558312,0.03260214905317189,0.6581997572026846,0.298695663284856,-0.2872783516443043,-0.10573905253804733,-0.39655342954573525,-0.01781933923108834,0.8647204007125151,-0.4557690827289836,,,,1.0075385804203087,73.34258299999999,38.315417,106.7,106.7,457.8117422540241,477.21513771200085,7.230532389575771
LILVVZJBGYMAKS-UHFFFAOYSA-N__GDDVERSXIZSSPJ-XHSDSOJGSA-N,,,,,,,,,,,,,,,,,,,,,,,,,,,,,,,,,,,,,,,,,,,,,,,,,,,,,,,,,,,,,,,,,,,,,,,,,,,,,,,,,,,,,,,,,,,,,,,,,,,,,,,,,,,,,,,,,,,,,,,,,,,,,,,,,,,,,,,,,,,,,,,,,,,,,,,,,,,,,,,,,,,,,,,,,,,,,,,,,,,,,,,,,,,,,,,,,,,,,,,,,,,,,,,,,,,,,,,,,,,
MLCOGYBXLCRWHP-UHFFFAOYSA-N__OEAZQLJIVPPSAX-UHFFFAOYSA-N,350.6040540538954,-1068.141522018965,-47.459307526852875,-15.707963559102424,-41.08236623149865,401.36594428628945,1222.7914242846532,22.326432482798893,17.982226827715486,29.114081530586986,50.76189023239402,2290.9329463036183,69.78574000965176,33.69019038681791,70.19644776208564,0.46624739660861453,-1.4204576304595422,-0.06311329924280128,-0.02088908280087562,-0.05463298578690547,0.5337526033913854,1.6261173012004564,0.02969058942787582,0.02391348972353612,0.038717078600010876,263.6437299449699,-803.2103785396837,-35.687975402193885,-11.811917331465935,-30.89270686691091,301.81514845876785,919.502465289723,16.788807397032535,13.522095077790043,21.892915840231503,0.1500305583340186,0.13651857244208504,39.53588199616479,0.34608331649962215,670.537740259814,81.43225808037097,0.8917081023709517,0.10829189762904835,17.244020838803458,8.84700853369378,0.9491357754578518,0.48695210842092307,377.6400000000001,2278.0,45.15633866938834,-11.119910378173644,6.584060600804136,-10.420826250650338,-5.402006289520677,8.423031568016512,0.284186185740124,1.0615036377118643,-0.22975528828900424,0.37518281608293874,-1.6051839816948004,-0.1564687364766989,1.5797848752732506,0.34029908405401793,0.159266026725088,-1.058148496463215,-3.4825468546038363,1.936080432992661,3.3099265034036263,-1.9830028718819996,0.16428355328240765,-1.60132645447071,-0.2114166207751703,1.4911282058568778,0.501774184273877,-0.6328660842889806,-0.23846850073904577,-0.7363548728316327,0.14218987957494178,1.6768482820332655,-0.4679165233745744,952.0023083244286,30.88667771452828,-6.063729070755129,-0.5521254296127132,-5.975829348366664,1.641153343670617,7.260837203339217,-3.5019263324985253,-2.0540149683480715,2.0877947158702215,0.30070473942810344,1.3136369801954508,-2.1046414437526124,-1.2476369688584594,2.266103710806595,-0.740357830286045,0.5720895112132116,-1.8969516876079255,0.18347852979379717,1.5192213872409883,-0.8290932545558349,-0.2540647872946406,-0.7055972805603388,0.14037249889821385,0.7999765169467682,-0.21380180685168335,-0.7434413436772862,0.049461804556686494,0.04422294472222683,0.04826026838685529,0.2674216888339415,-1.0494597477152305,922.8723112577494,27.761079301463898,-4.556999752431827,0.44742658843290184,-6.622106261786487,0.858308463536313,5.996133621779135,-2.26219049737755,-1.0384088091599362,1.1429304080715614,0.5118987504239727,0.2385245736375408,-1.4040552682544925,-0.2315253768858167,1.4958511884268502,-0.3797842723223048,-0.1781899075116706,-1.7227321775530846,0.4588728184186767,1.570077612536078,-0.8395354067089167,-0.21010801241474922,-0.780098617609657,0.03288963584712256,0.7807539152404054,0.0158680429569075,-0.65255996432037,-0.033195689797371974,-0.18256355441672226,0.07058817783887908,0.4789318563741994,-0.6402887526411444,2376.401444675669,46.8842028418398,-11.921773760561132,6.50312053709027,-10.284981942934207,-5.468834507274743,9.168258469133354,-0.015512323702701537,0.5981475323298804,0.06197795212746724,0.5576976787874425,-1.5168533719033472,-0.40299734462776005,1.2561118333610721,0.6698810388104178,0.01900040626885435,-0.6690082619272315,-3.594837957737093,1.8429019128772808,3.310876903781193,-1.9905192379339451,0.16339492238305822,-1.6242866097348159,-0.22581373541221708,1.5132811509776074,0.4165568945037949,-0.7012010410856853,-0.20670234305603855,-0.5767744328731516,0.1142386403364994,1.5992709381809282,-0.6284572987264753,997.7828384557764,28.436689822324478,-4.612180812173966,1.1665188058515128,-7.010207485416682,0.04669110021183629,5.666158139240461,-1.5343849846385835,-0.6320630347811573,0.7510701639853246,0.5673538170905061,-0.35239201059679515,-1.0252731720083725,0.286636098676349,1.0987350946426147,-0.19964715780823566,-0.547291316714946,-1.8184190908285538,0.7068322305664431,1.7333570841080086,-0.9619728267623296,-0.15604261520770837,-0.8980895602403005,-0.03414070811970409,0.8729548219134823,0.12855962492224135,-0.6359285348600844,-0.05113651670498575,-0.33835108814770515,0.054636025438252585,0.6758981952452359,-0.500505934140545,,,,1.3496240560709125,75.26778999999999,39.43221,61.800000000000004,61.800000000000004,474.28404303636086,530.2192557000008,7.797341995588247
VRUPDGQDBAIPEE-UHFFFAOYSA-N__HAMVTIBQSVDQMG-UHFFFAOYSA-N,296.0562548509414,-860.5539291355011,-65.73009477020577,-16.54911402183656,-53.78462057096882,311.76489486416233,906.2146157896591,20.21893609830944,17.427204149801142,25.17262821637942,15.70864001322093,1766.7685449251603,85.94903086851521,33.9763181716377,78.95724878734823,0.487077909331895,-1.4158012262963502,-0.10814051929751804,-0.02722694665954519,-0.08848757664352189,0.5129220906681052,1.4909231378579335,0.033264614282978486,0.028671598804960268,0.04141453160716482,179.94925320384692,-523.0628785989901,-39.95214177410919,-10.05890151151904,-32.69142991243688,189.49729683714355,550.8164096579015,12.289496985290656,10.592623262651953,15.300455823830596,0.16885289101272064,0.0858824421589024,29.667033492993635,2.2005336190665465,349.9772564178369,257.8438932972669,0.5757898628270459,0.4242101371729543,12.231145784395986,6.878298098199198,0.7782226954656433,0.43764073951483273,290.4400000000001,1326.0,31.93143949781706,-2.7490297147167464,3.33508147668204,-7.188938421547255,-4.186832727621492,4.659171054517448,-0.14959884152643377,-1.3646624000001546,-0.6743167759648844,-0.09339150158859039,-1.4709545146773002,-0.12166470558394676,0.823501189843246,1.257834932185994,0.5018363873972697,-0.9973030353643139,-1.8453548938698767,1.1284504810174532,2.429122735856293,-0.8614863751709391,0.09860722499686857,-1.1581174341642404,-0.4396528547415215,1.2047556151911505,0.7226510113696105,-0.21736470055912774,-0.5893991683377917,-0.3136828817230989,0.24515728855463703,1.057064066880493,-0.8774292127477569,663.594934994223,12.952549390995719,-0.472090059990893,-2.791759257273085,-4.459452481797515,0.30765059804285444,6.76455349222817,-3.0215905077384293,-2.756889515469778,0.9349979992890992,0.1606983943212918,0.967179548407438,-1.7698522322264543,-1.1022440628639203,1.4580974105616962,-0.11043004968644285,0.535282253781938,-0.8857803031326731,-0.09627652828571792,1.615868178807867,-0.15632228317357502,-0.08039567116952932,-0.4868392357914172,-0.3893144640202431,0.6314157249340356,0.15030282172994547,-0.6891953323846945,0.03312013051819632,0.3152337017658987,0.2216291698723121,0.24524377348036028,-0.7958471852998801,556.7458415252652,15.243155804546465,-0.19485694259702538,-1.4967678089482401,-4.115556043464499,0.22477172312865634,4.353906100317408,-1.7542640514035366,-1.7681128739422978,0.7905502633220455,0.26499007974864114,-0.05009140415010036,-0.9866322471769822,-0.337582237533754,1.1005895052633783,-0.00425462207177887,-0.1348018069948117,-0.8748306235294276,0.21733891318432305,1.2705794203656071,-0.32234073962885235,-0.0629639197528291,-0.5462359563067384,-0.202276535546885,0.5724992443133292,0.21234932510419668,-0.3545001560386192,-0.08636786442666695,0.01780411371629748,0.19719655818206505,0.4032280532908923,-0.6466221455628215,1452.0163898597925,31.025090705161382,-3.419620186971289,3.6635746634282347,-7.625254872041277,-4.579453503962973,5.7706152737112015,-0.5669892919932283,-1.8127327554745862,-0.9824736981560571,0.25039610518669714,-1.1887582713486078,-0.6085408747226199,0.592441705875005,1.4465175505053403,0.4332269880595889,-0.6545738761422806,-1.9232503099687908,0.9871016922503254,2.599150121521213,-0.7356645100962289,0.07251152186900012,-1.0974025769698696,-0.5178232074935318,1.221168551743078,0.727005966156318,-0.34900744592051247,-0.6046563058672207,-0.1100103145601718,0.20631676833294402,1.036325426108985,-0.9792682529094098,563.6841746449459,17.31798867530997,-0.16283826395034642,-0.972044854391202,-4.187931286734794,-0.22236078895026845,3.468374251826444,-1.1151478703113604,-1.420367098216093,0.7359364757948352,0.19289805908069504,-0.5373998407138083,-0.5480016804297105,0.041651509856719934,0.9654809361843995,0.09665168132909593,-0.4724680867550943,-0.906749682102052,0.4121094488064211,1.2577362850655884,-0.4302423366035541,-0.033549819723532597,-0.6318802040259003,-0.1828702547212247,0.6346523069355027,0.24775693566832788,-0.23675382507061704,-0.14406696909728198,-0.14308851301610215,0.1958945806115003,0.5069410929539254,-0.5856631980090421,,,,0.9795887453332284,56.735653,30.972347,55.760000000000005,55.760000000000005,377.24224697018565,444.1360002520006,8.541076927923088
BNUBISUSLMGYPZ-UHFFFAOYSA-N__ZDXDCVFCCKQACX-GFCCVEGCSA-N,484.5763420878451,-2044.672739138209,-78.6563821571036,-27.630712691056882,-68.15575797127363,348.0978072165626,1468.8007547022726,26.18362106492364,19.848658847328,33.38183533414256,-136.47853487128248,3513.4734938404818,104.84000322202724,47.47937153838488,101.53759330541618,0.5819519466199912,-2.4555496779217547,-0.09446238029943756,-0.0331831037556994,-0.08185165593072516,0.4180480533800091,1.7639562317735784,0.031445219101369604,0.023837246375318616,0.040089914358490415,403.494193421038,-1702.5461336678209,-65.49513610002862,-23.007380184700285,-56.75153778892736,289.8520454987809,1223.0324189193866,21.802424395944254,16.527465120532245,27.796191339076966,0.10286739325680244,0.11885044627856359,39.93586159345531,0.795063069495135,634.9202128024198,197.75393650198774,0.7625074146144855,0.23749258538551463,15.998247241676133,8.634521013041144,0.8528239398008515,0.46028331212760354,460.94000000000017,2701.0,37.84562777731966,-8.377608937470054,6.322602307875473,-10.364724968884763,-4.126807401119913,5.341058468683191,0.036527766813597734,-0.7904312352007902,-1.5875355160408995,0.4696732870783679,-3.2350447614757116,-0.42572828502331433,1.4995304450772011,1.661666461503988,0.8593030497244357,-0.9054409590366013,-2.4801440131202432,0.43206421717864874,3.1698700715262933,-1.3443466222699165,0.801791772600434,-1.6741060818391267,-0.7304703299762352,2.045240871148049,0.5816859164357588,-0.1475525480496862,-0.2217411413329773,-0.7525684769066279,-0.1557428691699467,0.9714265914104699,-0.565338970122741,1809.8730456771157,21.847052687760137,-15.143275404413007,-2.0211320014824485,-9.960276786724101,7.055811150530448,3.3668234451021624,-2.1968668970949325,-3.745112754367762,-0.20984716395860248,2.5308786907532523,0.8233039939070411,-0.7563238422313036,-1.3380966221453763,2.1235788861788296,0.49354078807486984,-0.27457147844009916,-2.1815827721809438,0.002109193395278614,1.8740565471383999,-0.48995598898278236,-0.12240023871663694,-0.0006907759035904298,0.08955605365359152,1.4877216208457604,-0.5544418060992868,0.04735307320251967,0.14206128428132145,-0.14189836550487275,0.33016020559456033,-0.24281269698806696,-0.6366587629256628,1228.3512012557117,20.738816595281396,-6.005704045742085,0.08252964104508276,-7.267311844709342,1.7114598789080453,3.1879256267779263,-1.3772961906424483,-1.6759520148697145,-0.15319523470690566,1.2461737391456842,-0.21861369165829858,-1.1595353666459605,-0.2583354995118649,1.7280971505637066,0.2319197169131395,-0.2327252596565107,-1.4178180458889555,0.13992242735255425,1.689377233679225,-0.4492050662803694,0.12251463848191503,-0.47935576317425943,-0.13840995774671958,1.0244924690112152,0.08426092319056933,-0.2978349493842127,-0.08098947611873697,-0.09624792687337409,0.1424241996151731,0.28616835306928284,-0.6357255916865091,2988.439669115482,38.0021815355053,-10.515905672437027,6.9676931269904605,-11.25417336665657,-3.263193838303902,5.928145786452311,0.12020026517507125,-1.7254890055338177,-1.4667749377660075,0.8390520384947705,-2.911419389316702,-0.4358252194183898,1.1608901256503892,1.6882762021653561,1.0072657422059035,-0.7406274566110945,-2.790345937517336,0.24854667899912247,3.042637029231392,-1.177447823557607,0.6853969466184154,-1.6819329889489598,-0.6786797640242302,2.178414435506614,0.41536249451698787,-0.023013135526285318,-0.12245613874992839,-0.8005747749688609,-0.02178292844605664,0.8603789000572997,-0.6655224175041554,1331.0293136322293,23.468028662887885,-7.451136988474733,0.30936810436490014,-7.221687539538275,0.9641085640267879,2.584169018380135,-0.9070196098025286,-1.0727643936668847,-0.7140537802356747,1.0000346153592399,-0.9916889220169988,-0.7714167415142529,0.05908547548814888,1.9709782899520165,0.16431014700894567,-0.4606021210903811,-1.353730693159591,0.3262373155016643,1.9927273430589263,-0.7067591433751096,0.3191894769506032,-0.5416899482421732,-0.2470649022366839,1.017138768700717,0.21964277996252388,-0.3271103125820492,-0.14199388657090797,-0.13960325099469123,-0.06833440377448287,0.42402497359739044,-0.6366096901257944,,,,1.4886114645312478,86.909204,52.540796,152.86,194.92000000000002,581.3111249728639,730.0667330160007,9.865766662378388
KTHRAGCWRKJDBR-UHFFFAOYSA-N__LZYNFLFJMQSNIQ-UHFFFAOYSA-N,407.48960035431116,-1490.6597878703788,-72.91845808513656,-22.585754361672407,-62.110824494599115,371.80070589216115,1360.1043091489107,26.05998623707628,20.607641047710764,32.38343593211692,-35.68889446215002,2850.7640970192897,98.97844432221285,43.19339540938317,94.49426042671604,0.5228983308120749,-1.9128427184604497,-0.09357033893614744,-0.028982465431218938,-0.07970177993585206,0.47710166918792485,1.7453114689697415,0.03344066521576117,0.0264441131662082,0.041555034975470036,317.5526954523638,-1161.656722598809,-56.82464753218664,-17.60085943331529,-48.40236344161705,289.7406859573569,1059.9161036038015,20.308294655470032,16.059334903087898,25.236097704852416,0.13055966610845446,0.07238156547390155,97.92769358534932,28.394464809192435,515.2384210968012,264.05188514967114,0.6611636471888084,0.3388363528111914,17.3454296366698,8.943971374203187,0.9393431520474977,0.48436149685823715,396.5400000000001,2145.0,43.861641968385506,-7.484642385183489,3.6302983726487734,-9.136932260803585,-1.72035834288365,5.796060888590494,0.7530621348000129,0.3296337512582601,0.38739984645273057,-0.04377660222361851,-1.963989867657104,1.1455619695237704,1.3432479251192535,0.7209782600244818,-0.13368696862895735,-1.4651676308450063,-1.935396461259501,0.999050076647358,2.4849566418524076,-1.4568728663402577,-0.2124699123832257,-0.5281693549475566,-0.6280172010233449,1.4616277372402455,0.3254912901923451,-0.3026470004724909,-0.3191029448785957,-0.7892235599916548,0.1932479352116146,1.5127978962039845,-0.5815172259458419,1325.1050861985862,19.61983337030037,-1.3601783648960064,2.2243768234930417,-7.854494268498271,5.368108098209764,5.301904594250362,-4.119223275253747,-1.4239373955134935,0.8929406355533882,0.35498049987845176,0.8707194913600699,-0.9153652954361606,-1.2007640309256293,1.6368139462041424,-0.32395029323591135,0.3215518784057567,-1.3042071627858491,-0.04633975258706627,1.091186548999494,-0.5048615452848508,-0.8241872475506761,0.18572932370009057,-0.03315370305033192,0.22513106778577946,-0.2530982495594619,0.0067583169617009215,-0.039188287981733946,-0.1644149011320028,0.7143530625623588,0.41105468907474363,-0.6986456776115061,959.7060558116582,26.64809468709326,-2.5402304357640038,-0.013249609725489355,-6.178370034599201,2.645622166146216,4.37001685835668,-2.4516189470021548,-0.7027500623019282,0.7698732646145774,0.7659515948508531,-0.311974540353465,-0.6547541372704275,0.12476185040062726,1.1533247039161105,-0.2752709100212004,-0.45450249223268196,-1.0213793260090458,0.44687007354887875,0.9424783841670903,-0.6099310937756837,-0.2611795407658747,-0.059820317363896404,-0.18795707622699792,0.4478204440689802,0.09045767672090999,-0.1397378695916068,-0.06238665117057175,-0.27415283810441754,0.27421468860466774,0.5576368103813132,-0.512520351356391,2342.3869030978785,43.527670261105754,-7.828688097333719,4.930575069607978,-9.885119616770478,-1.5442257350545796,6.575665147944899,0.5399010849435659,-0.08790752647586923,0.40858403159637147,0.0536068218979126,-1.4950528431468326,0.9948997366045077,0.8941924918160175,0.9411343860455803,-0.26733937369598837,-1.2100127523868416,-1.9657212016215333,0.73750029380583,2.5802164604155275,-1.323299213934953,-0.3253673469343615,-0.4823848304497408,-0.5350273521781876,1.4065244788967892,0.18063586252393976,-0.3279981930384378,-0.3166350746947212,-0.7338950436899293,0.273344761478645,1.4345733714818227,-0.7158400811727103,1024.7069232672109,28.03840458747941,-2.7484831117678645,0.09920796450511012,-6.038769805615193,2.3473168802595086,3.7784701585466767,-1.6522634167834727,-0.36664759301628624,0.5448619147466894,0.7293844610863935,-0.9812042048645402,-0.184989006558207,0.57153187950677,0.9035547339580846,-0.19635500675167147,-0.6763070679956911,-1.1151154127491099,0.6558493301673687,1.0258788399443948,-0.7889239094135888,-0.25782695611464873,-0.15207501025622294,-0.25079209137635006,0.6095189773994115,0.1616156967202779,-0.11081341978932228,-0.07188185167157443,-0.4057187261335437,0.2572174770852356,0.703089755764443,-0.39805585899609597,,,,1.029811885341563,76.304618,37.247382,87.07,87.07,508.08188787910956,625.0812688520007,9.470928315939403
VJEIBXBFGCMFDX-UHFFFAOYSA-N__SBXDIOUSGQVPAE-UHFFFAOYSA-N,185.07348846368694,-496.9109518198499,-29.229957506868004,-7.887475425711903,-29.23005598940293,454.47643633498757,1220.2413237767591,18.475351204540434,19.368909901218398,26.526985299494758,269.4029478713006,1717.1522755966091,47.705308711408435,27.2563853269303,55.75704128889769,0.28938083062389014,-0.7769697603768363,-0.0457039495643274,-0.012332853339314862,-0.0457041035515786,0.7106191693761097,1.907968833177303,0.028888051562755375,0.030285219574242905,0.041477583329941364,118.36373562917936,-317.7993618680228,-18.694017125385887,-5.044434315365442,-18.694080109883693,290.66037068081096,780.4052468576615,11.815909473492937,12.38738487075653,16.965331453427417,0.17326290899578903,0.11699876466595406,11.855099292148683,0.0,544.3132035345425,95.23672126413209,0.8510879017082021,0.14891209829179775,13.816556444610418,7.576303911359081,0.823653935515362,0.4516503484980546,326.05000000000007,1953.0,41.96208987662175,-8.75009759621334,3.9110937635631275,-9.740538847735497,-4.59691016306748,4.980595299778905,2.115550610338288,2.1725927263844818,-1.5167209482886634,-0.8110195300520618,-2.618015574252621,0.5900207898464518,2.456837946516844,-0.2802157127793019,0.31441892682607725,-1.4780480972047743,-3.184241313521122,2.913142879955375,2.5472056466336763,-1.8573134059441168,0.2952637753816406,-1.1138961544560113,-0.5120533056320263,1.2271564117170857,0.4009241664488667,0.5687106332828439,-1.2533973417620616,-1.2892074201938866,0.22334972474516382,1.6478983121958597,-0.12866508974465501,595.133444217128,14.5217680797014,-2.1371972134053747,-1.856112526555846,-5.359850529982407,1.2602280047777634,4.109440466739387,-2.9075646065578318,-1.3908204550221162,0.9446562532638199,0.277504043966133,0.7270880083015043,-1.8170134499872816,0.1943076822862225,1.20100187685944,-0.6335760426218157,-0.03261782706358449,-0.948145207697262,0.7362460704707134,0.505600920856851,-0.7161251922607609,-0.039251004943402536,0.03446053913558863,-0.3736373122964141,0.47944713631768,-0.380160034545377,0.0619665242251931,-0.16050897586872118,-0.11435589321168668,-0.043150654686095344,0.2238929715337778,-0.271949582101698,668.5722884535056,18.664346647149053,-3.075793172513158,-0.34844641429963596,-5.2499392703578245,0.08948665604737939,3.634292624023436,-1.3950495450029772,-0.4484563242481722,0.596549220256809,0.22654103832327882,-0.4817687100030043,-0.9323494580201643,0.7902923196582604,0.7366193349249187,-0.5237593981707782,-0.5007932612351887,-1.0115191057123574,1.1882924254516796,0.6928944147315357,-0.7678765734090406,0.01572922367541786,-0.1734889164894194,-0.3727364918936565,0.5687377551872468,-0.10028769493346876,0.1209547271695644,-0.3386774178210014,-0.41160930686842456,0.0008573703585102072,0.6178986724928618,-0.20543226988576438,1968.4358396693274,39.432830599855116,-8.673465033730533,3.6707219684704104,-10.135490715885496,-4.684289018021902,5.406768914648542,1.7685562208947436,1.700389226230237,-1.5985478882960573,-0.4257857659353851,-2.5216587118922162,0.25413592523158013,2.305744034658095,-0.13571100457953048,0.22743733519603412,-1.333021253330169,-3.152762767386649,2.7103899423198548,2.4590653147123613,-1.8028687537431471,0.2543946560672064,-0.999409475890603,-0.5459021091367735,1.2672706612416074,0.3222020111919295,0.4662863433545056,-1.1335796205607047,-1.1648016560119572,0.16718785638080064,1.4926277642445462,-0.16476718012063246,774.8707530335512,22.090146466093035,-3.645359790340035,0.5564186338052328,-5.560178351150967,-0.6325679859733543,3.5716844003635244,-0.5792266266178087,0.059424285183568994,0.38126865663067655,0.05881563930597509,-1.0845305721328482,-0.4349321731559236,1.1085577027853826,0.5249464161342953,-0.41962958686967544,-0.7755271141945509,-1.2037276495622835,1.5157004257022775,0.8990652748448237,-0.8489021420494491,0.04460917752714237,-0.35320303670475434,-0.37842006060050526,0.6636290894300189,0.03051033067840151,0.17727999009640413,-0.4838272280235171,-0.6044628105147077,0.03941245890762281,0.8495600626861628,-0.17154948699341752,,,,1.1450655704572121,66.379169,41.110831,70.08,70.08,408.4344354697348,420.242435756001,6.670514853269857
MOPOUCPTDHMJOM-UHFFFAOYSA-N__DXCFASBQOCZUGV-UHFFFAOYSA-N,305.08437453664123,-917.7520076316105,-57.44292878673152,-13.905333448963795,-43.702476553886214,503.79196803729667,1515.5023615913803,27.863861207896647,22.96215699380879,33.67783025758623,198.70759350065543,2433.254369222991,85.30678999462816,36.867490442772585,77.38030681147245,0.37717059886536874,-1.13460112421043,-0.0710157112568548,-0.01719092612440045,-0.05402862496240142,0.6228294011346316,1.873589672271632,0.03444761546521515,0.028387722307145938,0.04163532605048072,246.7755330516557,-742.3478873229457,-46.46422614374655,-11.247695262468874,-35.34989939633074,407.50540452413463,1225.854007406201,22.53841814383126,18.573545566760618,27.241200164582242,0.1619457316220269,0.07516866453922545,63.2883939745322,84.85341706630868,641.6027232969302,167.27361927700755,0.7932024829101522,0.20679751708984792,20.78897591757607,10.869805783569788,0.912543455836126,0.4771360635239423,370.7000000000001,2145.0,57.854397059418474,-8.656737736343796,3.308361249267607,-10.312895364327314,-4.9122996814852025,6.687142956741004,1.3970938278205118,-0.6922235755063794,-0.13544246307262217,-0.4033073084895636,-2.9075921794372026,0.9944671012378434,2.8825741913691063,-0.243362941902706,0.3090335396369547,-1.6349801545068416,-2.567160143890415,2.449206880126998,2.5644070446356317,-1.8041131385234872,0.6394215365030615,-1.8253225019231698,-0.8424464979402585,1.5043929736929866,1.0382430272854448,-0.704674492874572,-0.15567706599506437,-1.2715798285149762,-0.0725583799838746,1.880022183068627,-0.15357259224157188,770.3155479039729,31.866048638763367,-3.3715409152068823,-1.936116476759837,-6.337597252904525,0.9728764712112329,6.692510723448964,-2.8964193729423817,-2.3281627970130003,1.2612186777148588,0.547869479836554,0.8670124884055066,-1.4084744934866098,0.24470317064653233,0.7731942830574303,-0.2920170319539671,0.12764241618569835,-0.8213243167321347,0.5437007517621899,0.7773424167051709,-0.6310205062251664,0.32690371699849724,-0.44730900478191765,-0.05382333299625124,0.5036204583206406,0.03797213841197983,-0.3436013665208881,0.19769166620402714,-0.27624873029976854,0.5383503043101716,0.18535479778553493,-0.47194492370699664,841.890027409304,32.36779613442377,-3.1416049150570653,-1.669107327870722,-5.930021941118695,0.12913499280048066,5.580518781428296,-1.5814660361222732,-1.7980467841895273,0.6899262590038664,0.6438458287504228,-0.49662902827723127,-0.8823867996975545,0.8612195882325682,0.5891211643888256,-0.19158605247991486,-0.45211457687835993,-1.0281168213991703,0.8879572720154763,0.9729694113881521,-0.699713513246552,0.2573031321555757,-0.6249374772946786,-0.22600889185346218,0.6117305458089665,0.29409707872309193,-0.3573587450283943,0.05953524366428973,-0.42361575109246996,0.2573349216899241,0.6001524123981685,-0.36215873854891006,2171.252033680453,58.39624442890449,-8.940899489026247,3.5759592666823097,-10.987028026359651,-4.694348452217179,7.15233469428424,1.0514734789552347,-0.8997930281777646,-0.1301781703678858,-0.2772378545791884,-2.632259070871021,0.8172731953878998,2.739473885787003,-0.21115585551116328,0.21137858054974887,-1.4515211776557608,-2.427164602147096,2.272794729201799,2.5160359398950805,-1.7481119079448082,0.6961225927249822,-1.83225004711587,-0.7658705178433937,1.4595623751574047,0.9635678530143338,-0.71826689115747,-0.08415138749624976,-1.1904849341203816,0.007480066733570594,1.731359052088201,-0.18653987312974385,947.0029504574509,34.5122089599172,-3.211025096507981,-1.3582874221308752,-5.957063222889784,-0.6314927321486183,5.275016281898373,-0.8496126547255275,-1.5511756053407677,0.4723884326846905,0.5840464422317537,-1.1899387762709612,-0.513015989994194,1.248907517931136,0.4581666572507816,-0.09796973649812878,-0.771290431994719,-1.2327148723585408,1.1680727570056046,1.1532222513121213,-0.7964248530093853,0.24891540106062088,-0.7745708911216829,-0.34273982258392355,0.7438157715632295,0.44311140674127236,-0.3901364178157308,-0.013742160457191767,-0.5487301230548011,0.12884153065422344,0.8598406556412961,-0.2953516048441608,,,,0.9275281200179905,73.34258299999999,38.315417,106.7,106.7,457.8117422540241,477.21513771200085,7.230532389575771
YFTKNXYSOZLDAE-UHFFFAOYSA-N__QNBDTBCNQCXDCO-IRXDYDNUSA-N,259.79029824506813,-799.7082027850911,-33.35872826283148,-10.385820815390796,-29.618822325373745,548.136875776232,1687.3207304829257,26.013013443078176,21.91325624003799,33.746414609658515,288.3465775311639,2487.0289332680168,59.371741705909656,32.29907705542879,63.36523693503226,0.3215516281647175,-0.9898270889994939,-0.041289276231166856,-0.01285489725973369,-0.03666026255553681,0.6784483718352825,2.0884564658032425,0.03219722554150947,0.027122811244197947,0.04176912931606485,209.89164149928865,-646.1059883178115,-26.95142305433391,-8.390986861270282,-23.929851419178206,442.8546770227556,1363.232269446626,21.016620438844242,17.704315187618516,27.26464538893252,0.14485081659612015,0.13229368414078832,42.39663558769326,7.8569858695139505,713.6711045913015,94.2560694299987,0.8833359336574144,0.11666406634258565,14.69233391761191,8.192644468286108,0.7933567085067869,0.4423864503606559,408.5500000000002,2926.0,71.50121940635896,-12.128285474209942,9.019053909420249,-12.802553693977378,-4.469013010810618,6.399155433486534,3.0321261400022856,-0.4192054885910192,-0.7424907937135313,-1.1358839682647441,-2.5421541699258032,1.5663851304860015,3.188540246228445,0.3713942989142426,0.9348073322756598,-2.939158053608214,-3.3499611032699854,2.3024982626082866,3.4510346912536844,-2.5590989039675818,0.03294170310653165,-1.9335715449880881,-0.5130450997553048,0.8617460189997028,1.349234325425992,-0.41122065809200437,-0.9148454357210584,-1.2650717377715777,0.2501582366852557,1.9850363127963129,-0.3208962390186595,847.9354031284225,25.810968485281723,-3.3175924910859904,-0.5296988253079922,-7.467381784569651,1.735316655876386,5.223722522869052,-2.841050422956761,-2.309128091221454,1.295979096911999,0.5886614446558984,0.47337185021752587,-1.1516634870841447,0.2762251421839639,1.4865196295070715,-0.22352034990606784,-0.6116945766325552,-0.8585055162524312,0.24836751599388335,1.2903880014757594,-0.6446817928578696,-0.1918199814764758,-0.016984725163668352,-0.03109320306988556,-0.0856145436201124,0.12421471232157495,-0.20095655946553395,-0.13727633048354498,-0.17496953598283152,0.022437040167722577,0.2542708248603715,-0.5893677852685136,1000.5100228885689,32.992703989239196,-4.052692693728705,0.6582912885058109,-6.8648790931969845,0.5657881160361047,4.570711806547895,-1.2085216981074178,-1.4540975672426717,0.5211576764786755,0.6738580134307398,-0.6982543060674924,-0.641828713875873,1.1316338998722713,1.1639786265689447,-0.08908776588384573,-1.092975180454708,-1.1932366113173831,0.7745323309793245,1.3799782845423856,-0.8182007490670455,0.00786110116554681,-0.4497238909351228,-0.2526023798509825,0.3488142770439774,0.34520291450019874,-0.2852633774221199,-0.27810100621357914,-0.342429918213557,-0.012852359439932315,0.6748407894724071,-0.4311150093821855,2910.8807657194825,68.75922230147931,-11.649256625760808,8.966458937446586,-13.335695120195316,-4.66736654047967,7.154121476848772,2.509274410411388,-0.8832800301010466,-0.5531152803667557,-0.8583911081114811,-2.413148396402907,1.4940894782721867,2.9334150357764015,0.61109992279266,0.7962897595285173,-2.713003275112385,-3.1722231837260573,1.984116456247349,3.464694450242038,-2.4074729626536744,-0.11660094334135848,-1.7722651317152425,-0.4367181926565763,0.7115502807197319,1.2914619712699502,-0.49354758439319607,-0.8218492799286985,-1.158325846933235,0.24319975553517048,1.803076524963793,-0.3700348064439239,1178.951710929462,38.626832571495676,-4.709739534226844,1.5710354368039519,-7.15819484756459,-0.18548734085388788,4.421094535107396,-0.2781378731186393,-1.090232311718068,0.18151977976412884,0.5295122222368956,-1.296296203573652,-0.2526917856320289,1.558419910358365,0.9920973686390805,0.04335213289483634,-1.4528824579954478,-1.4855658965985679,1.1247761004683274,1.5654182637750929,-1.0070927373883527,0.08357587343686489,-0.7263545866050415,-0.3530674949808359,0.5622048572428219,0.5080116102234267,-0.31244782436893626,-0.39135864626718897,-0.49068247273211857,-0.011149166974750296,0.9395664586919021,-0.3654415057331163,,,,1.3375010654091717,81.733513,47.996486999999995,78.86999999999999,78.86999999999999,505.75742891739515,500.30503601200115,6.497468000155859
OGEWLMZNINPPDR-UHFFFAOYSA-N__UZLVUEOAZOZCMA-UHFFFAOYSA-N,294.5587397371963,-717.0121730878807,-46.86946048316774,-11.564712469159367,-34.143436813708604,447.43061589099295,1089.1314869566509,22.960549876310843,17.566636886397593,26.564182608698804,152.87187615379668,1806.1436600445315,69.83001035947859,29.13134935555696,60.707619422407404,0.3969851285640271,-0.9663375460161931,-0.06316729495868137,-0.015586089451874086,-0.04601607361981872,0.6030148714359731,1.4678532497741312,0.03094458121555099,0.02367505241571179,0.03580129877497881,218.55944949225372,-532.0154002870441,-34.77664078254651,-8.580893553016843,-25.334066680335436,331.9887543732816,808.1239702013368,17.03648360759278,13.034257583892527,19.710340736617972,0.16351460419624514,0.0867313542713635,79.93697575405142,133.56548771959453,586.7672436857591,155.22211194243,0.7908027780115329,0.20919722198846719,18.13857471229468,9.70258417261341,0.8694581144158238,0.4650856350892439,346.8200000000001,1891.0,44.68303842588432,-5.835975236824969,0.16026124470014802,-9.899549168856273,-4.409208217761183,6.29643167689603,1.3182515346261148,1.0506854778777506,-0.26090590299636207,-0.8289287539736763,-1.3379373029078072,0.6051237316008983,1.147205508192625,0.8893240359833394,0.4505258763789573,-1.2701128418391618,-3.3087381068120516,1.726115994940518,2.9036076189153346,-1.2331577640396554,0.342887174629787,-1.4307011955980478,-0.43416789133061107,1.2376193969695382,0.5482092181526168,-0.2597469730158767,-0.5315458447503397,-0.6381217457260466,0.1178666313922852,0.9688303139935542,-0.3046307766697278,693.4855886598892,24.81831977536688,-1.7406227054425523,-1.1185764697457619,-5.777089034808982,0.9200942985732203,6.309700816462762,-2.958755229868263,-1.8502976257501,1.2417590758514423,0.5176073881717727,1.4360747288652023,-1.6556146694219454,-0.9724418738250978,1.5950433624261446,-0.012062120813933564,0.23617947630492384,-1.4149002013436225,0.25722982134340744,0.9405491998750438,-0.24825186672952304,0.018045193404986035,-0.5276079093827185,0.12230170963798644,0.5436104870810803,-0.2215484194406725,-0.4335927004288636,-0.20310556112364359,0.20137626869326652,0.42265284862038005,0.07824888893059143,-0.46482884291384174,738.9267910001363,25.376601318150456,-1.773686396760617,-1.106658844611951,-5.6839130863524465,0.15434772256316845,5.392421662972706,-1.7515277381356795,-1.1701868093450178,0.7885477416991162,0.5779016686953474,0.29061712864194744,-1.09587484310948,-0.08742118419996202,1.195811823742618,0.05542886815640986,-0.27912768558554524,-1.4861126437796899,0.7331688645347932,1.149085646835934,-0.433581045193175,0.08983049518091483,-0.6685238724173751,-0.002497973572961892,0.6546753855486859,-0.1294332432136105,-0.2906670754632521,-0.24498259157322388,0.03981401637185573,0.2768190945526724,0.21701846684666143,-0.27470767363325727,1917.3937767654088,44.167904326750886,-5.7167874899401125,0.5041480217708336,-10.227539412121388,-4.2650125602876745,6.74190312268783,0.978673088243779,0.8483991559352441,-0.13210802522329054,-0.6610394253566492,-1.0823515849131655,0.348684030642578,0.8636127180227711,1.162995660370304,0.3844103542679081,-1.0326572661879923,-3.302835423750521,1.4679072029150222,2.8186092585902607,-1.050856824921202,0.3551346883861864,-1.3795808875892213,-0.426110438913451,1.224592771660462,0.5323021480976137,-0.3729333781404143,-0.5117335783854271,-0.5343416135205842,0.15581057401211879,0.9014420771697005,-0.3759466948143649,831.7003356358034,27.17080152339338,-1.9013795053250553,-1.0780476499522615,-6.009258023098766,-0.47862455937321136,5.1652510656488095,-1.0482558835308338,-0.8177284467693209,0.5725432488869958,0.46336531949854776,-0.24059411604316094,-0.7377519062788577,0.32479414472799406,1.0218527313397285,0.12653660597145439,-0.5700887008722236,-1.6396747136536278,1.002332105309013,1.356639527211218,-0.5710789721114184,0.11717330150939771,-0.7932372591493784,-0.0817079811860873,0.7580177744606066,-0.041871916513669116,-0.23810725317527473,-0.2893581626711912,-0.08975890967289407,0.2207118150653949,0.3535520643019407,-0.20925797700948767,,,,1.113666923209415,68.774997,33.327003,81.14,81.14,424.82396205114446,453.22278360800084,7.310044896903239
XZXACAZJXFLEFM-UHFFFAOYSA-N__JUCRKZFPGMSRHG-SFHVURJKSA-N,521.2152762923326,-2863.3603075294704,-95.401675657753,-32.91218744286747,-89.48000961029595,504.75499647076316,2772.9337332602327,35.71659320525479,31.872801531726818,50.41697696836788,-16.460279821569486,5636.294040789703,131.11826886300778,64.78498897459428,139.8969865786638,0.5080218112836932,-2.7908803827405255,-0.09298678352621427,-0.0320790848590865,-0.08721501196064142,0.49197818871630683,2.702742766408129,0.034812503006607105,0.031066008809288847,0.04914077757105691,534.7513791859369,-2937.722555735033,-97.87928319664125,-33.76692592798888,-91.80382986671978,517.8636214076444,2844.9475786669905,36.64416287296379,32.70054688122978,51.726319612127114,0.08415806852252754,0.07895220521571908,55.04035620275467,0.0,718.5674517664884,307.4028209966073,0.7003784328285415,0.29962156717145827,22.629008294507848,11.61893957089322,0.9475966938666345,0.48654667408853336,520.9900000000001,3741.0,64.18340951843231,-11.090664990308518,7.003527906903741,-13.30460516246717,-6.611764403445704,7.507758034933894,1.2883383854176955,-1.609660510868952,-0.9627550818356138,-0.27220902511029776,-0.830211795550017,-0.7871079685528721,0.6156665993400421,1.5509404601223413,0.1417813027039932,-1.767325178400091,-2.9758529284067285,0.8258560279359257,3.9798915242884867,-1.5023293987553543,0.5672065856853755,-0.8636524496628024,-0.8804793418415036,1.8555632508248248,0.7652672239848612,-0.8483300766138981,-0.5825991854146698,-0.5533096643572506,-0.07340546878214385,1.642339916832464,-0.548503328622323,2414.357467719585,33.06671648385098,-6.969734598100619,5.283973958026931,-11.359470355156951,0.5842045646330416,8.054641104865144,-3.9478594111138374,-3.97118289160986,3.021107991489152,2.070812808827469,2.8237807277577773,-1.9310543993097478,-2.806560775451014,2.6090189634072836,-0.7503478491519365,-0.19227567779414156,-1.830543044029662,-0.1558601299353076,2.033167461332415,-0.39138389653548455,-0.019693764217309607,0.22211275061210245,0.17752850042942184,1.027296220088885,-0.7941963428833021,-0.5345599092324431,0.7298140059662498,-0.07948768808506447,-0.012769584702767565,0.6136314520204683,-1.446665446630511,1689.3038287768575,35.60025124880622,-4.590890464517005,0.9407407108655904,-8.803303118341777,-0.005671950429866648,6.7115114757477725,-2.372264651155434,-2.382156114695971,1.107823576171348,0.7298528965272477,1.0225540035764122,-1.6728398088136194,-0.8253897902549202,1.8339775106163685,-0.39401333750215467,-0.5724834447242252,-1.3735208085083932,0.18665501352488947,1.9910820394210904,-0.6428519544738263,-0.061235165989073304,-0.2713576279839686,-0.15943304075912024,0.9720443592792489,-0.19750344964682812,-0.5535597345354725,-0.024093445965091196,-0.047171917933359245,-0.10018694264902987,0.7054462047852187,-0.6923990927366592,4144.419919803897,69.26190117281637,-13.558832337103595,9.393585730914625,-14.4727715802473,-7.273668213714863,8.696819440948,0.9541722831754428,-2.6811619857515026,-0.4300779584375457,0.19348450772118536,-0.4234822693733767,-0.8826983997937697,-0.059254161558434645,1.6828701389431269,0.14355097959845092,-1.538923341092571,-3.005299763072687,0.4073694415746009,4.1512028976983855,-1.49647109210786,0.5710802195879544,-0.7086939153615733,-0.8816720797607012,2.0556558497679984,0.6066305195486443,-0.8777818491946556,-0.4835899304653433,-0.5052387477900336,-0.025338006730609135,1.569635649410288,-0.7125540033673126,1710.5184513912666,34.54573835676963,-4.220334151802543,1.094508814806089,-8.47666895384743,-0.4707525575793704,5.593363468329645,-1.5216613205148457,-1.6939055405591577,0.6071776390841185,0.6826419990705407,0.24410568158283516,-1.420918604535973,-0.11926917039564708,1.7039805200670084,-0.3762107524369218,-0.9202393125045027,-1.5399313478609893,0.547088325061511,2.0540533503701344,-0.7217109786155115,0.03298612878293687,-0.49001065570553304,-0.20326237640607508,1.0045456364269305,-0.03941964417442498,-0.5508808223688063,-0.09489612110404222,-0.13520039983473428,-0.17192362945078515,0.8707884123599944,-0.5527803742952686,,,,1.0671162861693793,98.367376,53.128623999999995,161.42999999999998,161.42999999999998,677.3305043854413,843.1226110240009,9.691064494528746
PTPKDVBJZQYYAA-APQHSKLGSA-N__HIALYLKYBGDINF-VHSXEESVSA-N,387.8618131812541,-2372.161660588259,-92.6642595456589,-21.180014826680882,-64.1124773131962,630.0526259492747,3853.3999291427544,38.43971473776323,34.40535651020318,51.378665721903396,242.19081276802058,6225.561589731014,131.10397428342213,55.58537133688406,115.49114303509958,0.38103577105415043,-2.3304136078612725,-0.09103344641108525,-0.020807264355904215,-0.06298415156381817,0.6189642289458496,3.7855833270566537,0.037763208045852314,0.03379985113443442,0.050474444360755384,394.8101400245462,-2414.6576062646413,-94.32428778286513,-21.559442913077152,-65.26101638553085,641.3396653658727,3922.431427618966,39.12834066762778,35.02170917516935,52.29908570158622,0.08241446687867435,0.04795965462476587,100.45657423304411,252.4347891795513,716.0231692883342,301.8912698421945,0.7034217629331786,0.2965782370668214,17.620174540620486,9.606979567844053,0.8341013859962555,0.4547738703894957,604.9600000000003,6216.0,75.72586171512086,-21.057418244932787,14.04145705134954,-20.865825261466178,-5.318747692807392,7.659066013183947,5.182531271652168,1.1171407097566943,0.7358081533560903,-2.601460026724765,-3.8680765143986213,0.9074465752444367,3.0402977519639602,0.9478509069755825,0.3500214449471551,-2.042270198933947,-3.3131385117401733,3.462070562209095,2.620287871442943,-2.7661234333859337,0.8776514310628521,-1.3990884331102778,-1.1363472853783514,1.2082619052270713,0.6420641670980822,0.4987909218003227,-0.10721307229855975,-2.071697278597852,0.8151719017400703,2.375542013190368,-0.3650927819145179,2351.4381637298916,35.898433030972285,-9.668809511998731,0.6827389150437877,-10.101836294777948,3.8455215980910933,9.602922558481954,-4.88917307907842,-2.483740261911875,2.3943575024436377,1.033200108955226,1.5464829263744981,-2.7593806476922085,-0.22605975177391463,1.9772292805643792,-1.3062829536210678,0.24335578287506748,-0.1985936949206976,0.5965610063019862,0.3077028836002535,-0.8841202182019188,0.6769664929720738,0.09607772451646336,-0.1343081918686046,-0.49314163980538916,0.2830945206560757,0.052650514846135726,0.08401907024469965,-0.4195200847330776,0.070965962183746,0.6253305186795307,-0.5287261648553249,2412.6722492366025,42.565127125385494,-8.524877527264342,2.6660867042021827,-10.380607934395519,1.8825654003022234,7.790027081488476,-3.2090577083727068,-1.0927898289597822,1.6109199910052783,1.0550059565454806,-0.6252413914281509,-2.013245491162878,1.1177711526642664,1.4320468740019212,-0.7593121505175204,-0.6709178725021073,-0.9858014380987246,1.5310929004673153,0.6713414057684199,-1.1312110882466164,0.6393419642588538,-0.3458580103250549,-0.21131946850517475,-0.029072187040920183,0.3330799074583555,0.12369891208195324,-0.15115553531116235,-0.7247523790664896,0.19272777138384534,1.0510500349253022,-0.3504206094157289,6401.616266579103,73.53149151806213,-21.741734824274253,13.669045589686124,-21.559535247870148,-5.215296917877181,8.67978182880763,5.053630695813169,0.6655441516440139,1.0838096938787998,-2.5993708110164317,-3.4572072087323957,0.6428247602985389,2.564202658158954,1.4482021082721759,0.1561550741694707,-1.7239332580955131,-2.9671793678161924,2.930165077068109,2.4833271567855375,-2.4971838728763327,0.9368529748392285,-1.2125390046105848,-1.2717697868224844,1.0176863625340316,0.6893032648524956,0.4344486278862117,0.1546544577889264,-1.929292415786163,0.7899654402814213,2.2106866270374734,-0.45821186318629087,2661.8311809221477,47.71591460861041,-9.20819046392008,4.261038476056129,-11.23388681064656,0.8006622213334553,7.1731700437214325,-1.9861875892498722,-0.5647529263325665,1.2399250700763949,0.8857871054801523,-1.6617530224947545,-1.4611507795785919,1.7353936162391446,1.115623811923914,-0.48918730727780096,-1.1611301824197482,-1.4255760232248222,2.1015726994440667,0.9573599451325194,-1.3595415040291132,0.6187332700021142,-0.6272490943244491,-0.2668445549651509,0.27591178384403964,0.37385656073738893,0.16186054305378528,-0.29465025362491826,-0.9368550630766898,0.25115899559161203,1.3467803547557053,-0.26036495239878754,,,,1.112615145046989,122.502236,61.33776399999999,230.86999999999998,230.86999999999998,777.4204933321058,829.3585877040015,7.404987390214299
NEWBFDLFXDTFGD-UHFFFAOYSA-N__OOPIHSGLJVAYGC-UHFFFAOYSA-N,291.7913360882143,-747.109482041349,-48.29088693656181,-13.341240750738375,-35.57664200196899,369.02796768119356,944.8679919328288,24.1897024045893,16.87264271308623,26.996228340937968,77.23663159297928,1691.9774739741779,72.48058934115112,30.213883463824605,62.57287034290696,0.44155994600005594,-1.1305805956026551,-0.07307729459642551,-0.02018893920719027,-0.05383717121917404,0.5584400539999441,1.4298432060673267,0.03660562315084892,0.025532914394059407,0.040852663030495055,192.82134755975903,-493.70436776208714,-31.911550283825967,-8.816149424322985,-23.509731798194622,243.86080467452587,624.3870085830504,15.985022301389872,11.149768010411615,17.839628816658582,0.1897250504910797,0.08263826293542101,51.14945795227559,132.00069117484998,524.1505454629505,136.66875830645736,0.7931828602359537,0.20681713976404625,14.866288097012442,7.62753333202906,0.9490295813702782,0.4869241546878199,319.52000000000004,1540.0,34.45709237717048,-9.106951992293071,5.154016372958353,-8.662539881987053,-3.6860306857292393,4.380103321377522,3.3891274628887498,-0.2517132473494679,0.054360586212735,-0.41711792759137084,-2.3405695050939412,-0.18942670905334844,1.8903661865798411,0.3018341064785918,0.19482939866191573,-1.1038580074817872,-1.1047957121076672,0.43400109997075353,2.658039839766334,-1.633941797759843,0.4435614475329897,-1.2856975682818939,-0.7122220015362386,1.5008361498135223,0.9380637491349858,-0.935835720302671,0.28997700047115715,-1.045109383616178,0.25518062846923456,1.3066711570726555,-0.5635360199478937,628.3140274478756,16.69364661730821,-3.550537919384367,1.2009753697149625,-5.612008705558306,2.156124330247363,3.0260583565155823,-2.2004083445363523,-1.8637991964694773,1.2111767023550717,0.3486287319239793,1.2150310079732776,-1.6454364530067171,-0.16420340069865663,0.783130004402523,-0.08740794548218984,0.15465466618489113,-0.6987127841197334,-0.2534756902788429,1.2752924059351736,-0.62698103224325,-0.12370477126488268,-0.24732534528779543,-0.08690070496316366,0.7419790099845706,0.016551564055432746,-0.432766039385212,0.49810102594021083,-0.3092674071999922,0.42687784821064734,0.24735426123544146,-0.4806630813040007,620.3379284964717,20.675749846261873,-3.5980506611986316,0.4721933323704408,-4.9536439935348024,0.5389768038349961,3.6110029853774965,-0.9173618473894991,-1.5304427156261364,0.9558645845811828,0.46127544305587487,-0.09890985160629248,-1.0534834496583123,0.567317251657801,0.6136647570280466,-0.09768121478099415,-0.27534570755960136,-0.5998999031920754,0.09205318973636531,1.201963384390358,-0.7181221148627153,0.03966702215778328,-0.4811413892154401,-0.21478755300559185,0.696463536481994,0.2945303427871716,-0.4032233650064863,0.21582522763103776,-0.40538203151689123,0.30257644422760055,0.5042915246556166,-0.4697688928388123,1572.0399527035013,34.448514314865605,-9.045624985919016,5.597223759806089,-9.063908447748691,-3.611873037298289,4.2716641739181025,3.1302956441674916,-0.294101993854857,0.0818328229728503,-0.25987101460639717,-2.0314201569136676,-0.5812653985640795,1.8231503276098537,0.36269439260119346,0.17888810353419102,-0.9954742098878286,-1.1002887864570012,0.265411800902566,2.6801931203600824,-1.566209175722,0.3896001372975122,-1.193895307134337,-0.7186663926368805,1.4976780013070694,0.8455294751213115,-0.988606461469955,0.3984915917450705,-0.9773937183608231,0.27961825549648534,1.198585394298651,-0.6105228416464715,704.3217101817654,22.188837902077786,-4.074771660522209,0.8497124324127281,-5.237575181141009,-0.06239298758591453,3.6201831671941274,-0.10942772798271148,-1.2901006197535032,0.7275620472133165,0.44863905843867713,-0.8114246705493875,-0.6966026424566792,0.8502242553228364,0.4763512448047143,0.0033929858454922472,-0.43335265173121706,-0.645547139950571,0.25011433659925836,1.3505840244677059,-0.846846676584281,0.11774422490162816,-0.6081878534772995,-0.2808533897036687,0.8197407680658437,0.4198432296733072,-0.4068590502295189,0.1880206404522745,-0.5439221232422943,0.27277945286770505,0.6780671116491633,-0.4596388664553458,,,,1.1358533321983646,63.361618,30.310381999999997,66.76,66.76,400.13859068483345,432.1503652120007,7.716970807357155
PENXLTMKEACYNY-UHFFFAOYSA-N__BFUZWMOATPVJLX-UHFFFAOYSA-N,347.2976706080056,-1271.5160538499663,-57.932326953576215,-16.730474392762712,-41.016646898386014,395.749868067006,1448.9078192642646,25.839901108241875,19.064576569266638,32.19795153920588,48.45219745900039,2720.423873114231,83.77222806181808,35.79505096202935,73.21459843759189,0.46739630041343017,-1.7112176377265305,-0.07796584193910398,-0.022516021549033295,-0.055200568958920344,0.5326036995865697,1.9499530566347474,0.0347755692109809,0.025657277060983516,0.043332290147438834,258.0586793328435,-944.796874198981,-43.04647295257084,-12.431537818407644,-30.47731852254778,294.0609653981494,1076.6073888712906,19.20027491808483,14.165886695674873,23.924608641584232,0.12647765822358095,0.1166349424431164,5.965864794563319,0.0,634.801985427995,108.24555324701662,0.8543221696958473,0.1456778303041526,15.952618251631977,8.718014654171506,0.8298453127741378,0.45350571820524566,465.56000000000006,2850.0,2.0884433882768265,4.202741756152051,1.3883269398223477,-10.150509995204041,-5.925387718529933,7.423208757584474,-1.2143231529017064,-0.632327872736459,-0.3483985405505346,1.7023727739785746,-3.197403352899908,-0.2949101732763126,0.5294837952784031,2.450367234447185,-0.10745040169832087,-1.098742375150701,-3.4618646223493537,1.148780198538126,4.170299920099699,-1.9476485766599012,0.8077835084021173,-1.7657846611152408,-0.9762382659494955,1.8693582065009513,0.7621676798233967,-1.0386408094682098,0.23418444145352693,-1.0554633734331116,-0.396222079277728,1.8905269251168528,-1.0432060619784032,1544.0920004602262,11.898598112534659,2.909624115753856,-2.096584759364694,-7.192002686017159,2.8090838741110726,6.168993779064314,-3.347614941518625,-2.918640773673631,2.19169291438954,1.0310075938790704,0.8220052192796266,-1.6430128410707912,-1.8287398433800357,2.7875948349067468,-0.27517657314758537,0.7378973954947101,-2.2956725087457928,-0.03871180104170444,1.9937440990333204,-0.26433938828119535,-0.24190810282389094,-0.5627084759172558,-0.36491973248467385,1.057808108560361,0.0932544348438975,-1.2205018462247887,0.4298843945258293,-0.10195077654132952,0.3191707605992887,0.2687837684537403,-1.128318701615288,1357.8127885260183,8.857382928774287,3.692706195943449,-2.6459441835265243,-6.919637495912451,0.9100976467440165,6.024445963503024,-2.7323630214845886,-1.9337915525384932,1.223480630135044,1.4672768486133416,-0.07920723231796796,-1.5504309130508362,-0.989329474445468,2.5133539960842284,-0.16953886602874702,-0.011493825207666264,-1.958574245556487,-0.003204280107164312,2.411423582516147,-0.5986373249607029,-0.11365655538545995,-0.868519880161747,-0.28908619231910226,1.082061658712478,0.10579594049206087,-0.8669680414707519,0.19684447720781587,-0.17541543557506484,0.1992291325952959,0.5883329871689447,-0.9007060905252391,2966.554510195323,3.545178371693509,3.23795276040343,1.5412794138078583,-10.774410089062211,-5.760928052908092,7.649741019076227,-1.1542958085598023,-1.2200914223322588,0.0030735636208263045,1.7601828842558385,-2.9504113854241987,-0.5190816616218334,0.1783516041187921,2.5335858548924737,-0.016975690019579825,-0.7975748404928948,-3.6046785941318062,1.0839726468439048,4.146077721679788,-1.7928695043706118,0.7143419749763104,-1.626381434404246,-1.1055624387663032,1.9074304898591254,0.688633317312359,-1.194625664037107,0.411905231183352,-1.0531465159248576,-0.3237570770454917,1.7738527695228525,-1.1275993784932337,1504.1590958340882,7.74826328477072,5.07779625973107,-2.123402458924573,-6.785238170494952,0.10496702903743087,5.416089514274248,-2.258033377637714,-1.3519524533272431,0.665533115003875,1.4906282135298137,-0.8245578692958926,-1.2304022851414678,-0.5469541140861808,2.3996047804362517,-0.26381436702068645,-0.36839508727942744,-2.1570689668338754,0.22286271806912675,2.5742148425047517,-0.8855999877873432,0.05046696542701303,-1.0249999543791681,-0.2800981223102438,1.0740623713924518,0.26487266182334274,-0.8636263634914192,0.12590293048450935,-0.287855085161064,0.025027718365307837,0.8623231934821427,-0.9048892318280104,,,,1.431335396128393,92.33599699999999,42.236003,92.01,145.55,572.7649849677391,674.1520840680008,8.870422158789484
YJURXDOMUKMZAW-UHFFFAOYSA-N__NLEGJMUDGNESDB-REWPJTCUSA-N,347.8209741525571,-1510.8521937628743,-53.74147262609712,-15.416859120029327,-43.16720553608212,657.509875338526,2856.0676652588872,31.057858464318286,29.143547604682535,45.3344073850617,309.68890118596886,4366.919859021762,84.79933109041541,44.56040672471186,88.50161292114382,0.3459766248381122,-1.5028407757781386,-0.05345650404869406,-0.015335109956919779,-0.04293830787937539,0.6540233751618878,2.84092313162844,0.030893171616130494,0.028989011547228986,0.04509401796235618,349.6751554156063,-1518.9063194110968,-54.02796032809601,-15.499044075623434,-43.397323411745624,661.0149615228564,2871.2929321187316,31.223423233306928,29.29890747059931,45.57607828759891,0.11360903303983774,0.05543687060984267,51.65708432133799,9.081346878073719,846.2637309921577,159.06711849892548,0.8417763479759444,0.15822365202405575,21.922524153177378,12.15180086470572,0.8040555796836846,0.4456933526541706,543.02,4753.0,61.30926093716528,-18.118465216012417,18.485762555324023,-15.413442653642043,-6.397210228571335,5.713439050133666,3.342100594252948,1.3360033297775868,-0.7189260733015834,-0.7309938251935765,-2.8333699633279776,1.0990764003914246,3.5422112874383975,-0.1329786895770078,0.19293392766535467,-1.616379620092311,-3.6950737043796877,2.7441592772461156,4.465549025444888,-2.7153284404428506,0.3080348089966714,-2.525673488127899,-0.24253592811954264,1.8250506689524915,0.8665671759186467,-0.4866470623182023,-0.8946708002450557,-1.1466578776620089,-0.28813378310606613,2.1398425706295088,-0.04216685545031613,1738.3685550498826,20.892402718534218,-2.381120433744378,-0.38902925542022054,-11.661816374923946,4.4802123251262875,6.165709129305125,-4.272485219285964,-3.3170766390265656,1.9202605843540208,1.1300970061998297,1.2958720400336479,-2.3832900444986205,-0.005470721059694699,2.484912609879324,-0.7212988459479763,-0.05062099979817184,-1.2009641282731807,0.27458107799176334,1.6268217216251837,-0.585557434121646,-0.28423927091201956,-0.03565888317676152,0.07096010522010783,0.37712193261562194,-0.30961186791446244,-0.4224787136372498,-0.21200188685893437,0.36778296885320255,0.20816391708396775,0.14278854571659272,-0.3659419251807998,1775.9663012650526,28.473688363203195,-4.985956697496533,2.1655798924464493,-9.318350720901925,1.138675282062687,4.9755019337198325,-1.6219039944113371,-1.6799282928119397,0.840294791973544,0.9338562454826155,-0.5648029921862912,-1.1703933943091458,0.7288787782099165,1.4869071083062864,-0.5695489361951717,-0.4737094280803138,-1.4731074775083968,0.8196885481555009,1.794648630127419,-0.84447538886017,-0.019251396462829615,-0.7531243331738442,-0.1283741751385803,0.8253275458104005,0.02030385613714424,-0.3719867318573636,-0.41798406053782106,-0.13191603001186641,0.11508845443666729,0.6859857761987921,-0.3990685487947098,4843.84563045818,57.631136280001996,-18.161686482321944,18.895093847909497,-16.22671953835389,-5.887036406394628,6.2765892410512265,2.479287709628613,0.7018926835061009,-0.37275161980250593,-0.4723035937061068,-2.284523508694251,0.5620182910435129,3.3939846417122763,0.2690470234499653,0.053281422155062486,-1.4353113516946747,-3.5451191710227863,2.496439224298171,4.239140225433349,-2.5130707882471977,0.1468639717922663,-2.307812848971714,-0.1666375895732023,1.663556970361449,0.7516814419541434,-0.5438035576950696,-0.8617589265046837,-0.9203535689658715,-0.338000113588756,1.9713049842385963,-0.06996639809096697,2038.2128481127584,33.83033284537371,-6.168099600306142,3.565715666132254,-9.69064744638631,0.0764647498306574,4.675599451608033,-0.38697870979947396,-0.8633308330686277,0.3271925353797599,0.9029078349565238,-1.6243255731015716,-0.4324588462637746,1.249355426631637,1.0375099055024664,-0.4391174302484134,-0.7681912320723087,-1.8063440792436338,1.172857524735227,2.191051199824105,-1.1790159992151799,0.07346875565943821,-1.0817578696866028,-0.21886336351267005,1.0575968009078764,0.11996270768218509,-0.32557162060800804,-0.48333537981589914,-0.32168528700296667,0.009739093433248603,0.9770188972676933,-0.33891661059794637,,,,1.3700571546032145,107.29406399999999,63.383936,131.03,139.41,678.5662654759955,714.3150293160013,7.288928870571442
AJBZMYVPFPKCEI-UHFFFAOYSA-N__WTNZVGUJBBDDCA-FQEVSTJZSA-N,306.4330730455205,-1244.2210866662738,-54.9459064845586,-16.37133008771413,-47.85465717947207,514.5432208116838,2089.218108777624,37.347402126566095,27.48971195760031,41.784362175552474,208.11014776616332,3333.439195443898,92.2933086111247,43.86104204531444,89.63901935502454,0.3732544719480288,-1.5155383851834903,-0.06692751897427573,-0.019941294541888033,-0.05828993789167271,0.6267455280519714,2.544797120708348,0.04549145012591811,0.03348417264089931,0.05089594241416696,251.5742886241853,-1021.4760164702607,-45.10928666831744,-13.440473900924484,-39.287539095010025,422.42778645132523,1715.1985400036108,30.6613317830629,22.568401842152774,34.303970800072214,0.12223815857800886,0.08297115608764823,43.20942266234644,52.67287133469922,630.2191038112446,190.7571900459597,0.7676459217236073,0.23235407827639284,16.48468375431617,8.767838923832123,0.8801307708229745,0.4681221032501489,422.3600000000001,2850.0,29.647201450865193,-13.022993725469496,4.106461359889806,-10.053279458930055,-7.331359534462229,6.066322851432145,0.6639000854020526,1.8808079692750372,-0.9202306240032496,-1.020535248830921,-2.1487228042473814,0.4294746427561489,1.0929915618082084,2.116231290272264,0.13897942744340355,-1.6585386512795866,-2.676744752602021,1.724254837640415,3.6808785125149974,-1.9420184832422105,0.3914023204842843,-1.6898176831259852,-0.6999872802758753,1.430250412881002,0.6977694874388806,-1.284867297435429,-0.521425476438531,-0.4916249547751375,-0.7778810027583509,2.1914099800429248,-0.8516540384577658,1103.6140819653874,20.480314483036956,-4.895506318853693,0.5404061551133165,-7.676145429665542,-0.30708005302781666,6.994886499154334,-3.550371017244299,-1.1680137250084464,0.5124190424912906,0.27236776551459335,1.834388063948676,-2.227757904913565,-1.050565312017369,2.7495370947104303,-0.8659509746637112,0.15937749929130435,-1.206656498991309,-0.011499985299590322,1.5699899341104397,-0.6893611252138113,0.024635301527618378,-0.4127028780319464,0.15944360901158913,0.937219937020166,-0.24786256588235756,-1.1278919745413498,0.1959941918714582,0.3022873395064601,-0.17111223899781444,0.2904094699518156,-0.8588275578068969,1111.7665930795001,20.22099288147182,-4.648551032019708,0.3781998223382062,-6.860716818958274,-1.2142705306155932,5.399431809391267,-2.1944589629506592,-0.5536475871673655,-0.01687848672689001,0.536353756653044,0.1341591263456659,-1.2723802420324428,-0.16918416810739126,2.0578671932888777,-0.3155202816295395,-0.4060936875771178,-1.2307211101087852,0.39514254386364334,1.6358317435449201,-0.6718555833104797,0.12162166449719665,-0.7256292847200815,-0.10587317729206874,0.9584575558998095,0.04729648521244357,-0.9190517994638154,-0.0821149499061548,0.01391655414929073,-0.23452215880946445,0.6652725404260761,-0.6976529858046486,2960.661852849327,30.169954359744775,-13.661889825619026,4.796968453157041,-10.71350039278392,-7.771370449134013,6.9974779564848655,0.4635327103297995,1.6970180348686432,-0.7143141998779237,-0.8849278845902572,-1.612052282551666,-0.033297822934470936,0.8787743668028969,2.45168003298973,-0.17894049816983898,-1.3807255769252915,-2.716116641428981,1.5611995144574182,3.786737778038993,-1.918456062215567,0.3245868606730911,-1.489571539233437,-0.6289110927192304,1.44979027566443,0.6073118646911772,-1.4537265634104783,-0.36296135915421596,-0.36942010502934436,-0.8691835725331201,2.1030940885687173,-0.9562644856814169,1212.2045680591464,20.713968919824524,-4.97022257669736,0.3364486446755947,-6.653822855743056,-1.8638981969750192,4.876454627099281,-1.4963188674784795,-0.2409683863209696,-0.3105335368548099,0.48477374939281626,-0.6992383473006094,-0.7646289573568746,0.2600347621142543,1.790322856590449,-0.05370281854888625,-0.7766903011898462,-1.3355695530596,0.6581651747026114,1.7877594442569544,-0.7706688080647961,0.16968754333716995,-0.954267385646971,-0.2338320576827147,1.0330831093699855,0.1911604220989272,-0.8757867507763668,-0.22911802906422113,-0.1412531669294029,-0.2822381363917345,0.9137597756197685,-0.6278387305217585,,,,1.300948591564514,82.882755,43.169245,131.75,131.75,531.1411771361555,570.2265109200009,7.502980406842117
PUJXWLZTBJKMRW-UHFFFAOYSA-N__GKBFJJNBWOFZJK-FQEVSTJZSA-N,438.16364027670585,-1921.4647525628009,-53.74080339618055,-20.015257839195844,-49.26832698878977,471.40372103332277,2067.2313969741135,24.910707803718772,21.533660385147012,36.26721749077392,33.24008075661692,3988.696149536914,78.65151119989932,41.548918224342856,85.5355444795637,0.48172753213750874,-2.112504069841908,-0.059083918005565776,-0.022005250727519878,-0.05416677102158739,0.5182724678624913,2.272763387196225,0.02738742490478161,0.02367461861662734,0.03987304188063553,398.53934610847995,-1747.7016248387738,-48.880880739744974,-18.205225258737233,-44.812862175353175,428.7734386520082,1880.286206962989,22.657966765393624,19.586314655864463,32.987477315140154,0.11014224641075382,0.09484516407407695,16.55579516445417,0.0,834.8235697216958,74.74379158833293,0.9178248970140253,0.08217510298597476,17.137656257536293,9.033688984262167,0.8970828293283359,0.4728748874111886,573.2,4560.0,27.616544090521714,-8.678371780447351,-0.7481245256214848,-12.091816175460071,-5.269550985714814,7.8970048790288425,2.1312405569040482,0.6910255064002179,-0.9055853030637292,-2.13575788162162,-3.3713158728967567,2.2421010312393217,1.9639128638315424,0.8689817085709524,1.5598066935997714,-1.9957697055073254,-4.536366535901147,1.2348015508793861,5.517202919089112,-2.279316456141525,0.12680147842833858,-2.498048089904242,-1.4866250391762086,3.2717068420860445,0.5645426697506206,-0.5409569978183734,-0.30792225901760983,-1.2113047012425755,0.12841700818796672,2.3508731382284282,-0.5078058389960727,2151.7940533960136,24.557801720270774,-9.56673556287684,-1.7914196687018054,-8.412262136566323,4.740547358254849,5.092643597465208,-3.0057051409160884,-1.9754276673317346,1.362407212002899,0.30347340692471686,2.69665435163066,-1.1510637987948091,-2.0121963280402264,2.3682917538793307,-0.1973978480039121,1.220850849044902,-2.1979304030835403,-0.23849174104686216,2.1602131638526822,-0.19102564610938985,-0.08372567648208827,-0.9718980229037223,-0.12253848091352643,1.5269929062986691,-0.24806324913863637,-0.8867717199220355,0.7329196083079975,-0.7302811186159148,0.5982993193762256,0.38671732887992327,-0.8750539331572467,1993.032072140902,21.30838595824826,-5.168536830747187,-2.6976544671045604,-8.297666248094139,1.865965781805982,5.1276519369034474,-1.5783646168056715,-1.6802914729430336,0.695397811521295,0.2569833709902834,0.7983141615151346,-0.8006285583623047,-0.48993186803842464,2.126564183133409,0.08779036596053462,-0.013621413761028982,-2.135903417797004,0.23832508278550152,2.5197496035753995,-0.6272124862557542,-0.1783785306093249,-1.2507873950318558,-0.21845870171492227,1.721638843111037,-0.06349563372727349,-0.7288255170916225,0.16844482430002852,-0.5149406061804491,0.340690322888527,0.7021904265172076,-0.5928084472439705,4665.812437106426,27.87264969813554,-10.181394922866934,-0.19146833280679676,-12.37307071978531,-5.090023669083018,8.43652131591844,1.680136605421337,0.42128530992253665,-0.7454442236474468,-1.814943291618777,-3.001851341947525,2.0869002621791797,1.4326152874906237,0.923183445115499,1.558307054682861,-1.5088684680185445,-4.452989863874198,0.9592343370881866,5.468375636065931,-2.0957204884220255,0.15683422356820353,-2.3258219714059005,-1.5450365286746184,3.2818384047543074,0.5447573548998865,-0.6078600746300808,-0.09616513866123891,-1.1921636493094816,0.1761388335617879,2.2675391048886304,-0.6602553994119089,2336.749759095338,22.597500506676482,-5.947920123792938,-1.8258799643968884,-9.142531017631923,1.89337382320607,3.5695075376901633,0.3189018224317304,-1.2282315198725944,0.49192032757859727,-0.31461105513308774,0.2596648509295802,-0.26490840543944416,0.1549011763549833,2.1642712695926205,0.15958952412121571,-0.7400111921957022,-2.51905804275538,0.6784526057443909,2.6617802085983815,-0.6638727643626362,-0.2231830990321512,-1.6386079306872423,-0.21839873775633484,1.8841572929091026,-0.09277187071097831,-0.7374523780389204,0.13456102023742378,-0.7706416790375479,0.2835639590883109,1.0098584838211675,-0.47765662376032286,,,,1.4532207361336702,114.966306,70.801694,97.75000000000001,125.99000000000001,712.6024855761182,794.2224323140011,8.273150336604179
XIMVTUCVAOVOPN-UHFFFAOYSA-N__SHYHYFZNZQTOSJ-UHFFFAOYSA-N,242.93915685393497,-705.8491936394514,-38.4337257173801,-9.411322581859352,-27.148045909209667,501.8847656427053,1458.2044398129744,22.643778204578876,19.442725864172992,29.759274281897437,258.9456087887703,2164.053633452426,61.07750392195898,28.854048446032344,56.907320191107104,0.3261699168302839,-0.9476725603461473,-0.05160108927295292,-0.012635634137948631,-0.03644894462869797,0.6738300831697162,1.9577841094645456,0.030401518426901787,0.02610378812619394,0.0399547777441744,180.94689573597435,-525.7333650976267,-28.626358344979042,-7.00977820130169,-20.22051404221641,373.8157797873068,1086.1055506635155,16.865627702478367,14.481407342180207,22.165419401296234,0.13190023428759035,0.08436174489607959,207.21287965855646,6.56441610719806,617.1280203604182,127.6959021362222,0.8285555843746439,0.17144441562535637,17.99008210557115,9.962102371654135,0.8058519612044529,0.44624475234779054,402.49,2775.0,41.87017693407942,-8.873803530243647,3.8426121858419613,-12.0553926815148,-4.055626292547647,5.272789593097408,1.4795421708482182,1.4883479551545327,-0.5946230564596497,-0.7383151938154291,-3.257047577342625,1.0644343140934729,2.3092058535336015,1.4146036377460676,-0.07006821902463488,-2.365960401126257,-2.7708955978388676,2.4388981469534716,3.0882386393045858,-1.6703520347832084,-0.41721074249831075,-1.2460573223901321,-0.7526879441700305,1.5197347286661287,0.8397388431295787,-0.5660674539959787,-0.36938092853700694,-1.6933756257896968,0.08003283307464922,1.6913328898551514,-0.5354323771192104,1003.0097901181467,17.624930233511627,-1.3923932702202042,-3.574235323853233,-6.718553581769952,3.9461269005309925,5.33978715093077,-4.0312520411108235,-2.236740563837926,1.310938702682597,1.4865963491517986,0.7848173413140818,-2.0580684892684937,-0.19950404639907998,2.289788567622459,-0.6399474382793073,-0.3328155152134765,-0.9815281488753939,0.5606814413426142,1.4935902671022936,-1.0514016123748535,-0.35439647653873635,0.25884173669311217,-0.19059735545520304,0.336132384648067,-0.16235309939646347,-0.8014110538958812,0.1088597013245829,0.08486370721651304,0.05813314520714478,-0.10263280658639176,-0.43791989503773604,1036.9561074308451,23.586108657596764,-3.156883860870905,-1.1059977493928095,-6.378197534705921,1.2068776137680854,4.582575709001342,-2.2659253043341487,-1.0681685997069057,0.819080868999227,0.8728764754310707,-0.5755663602757995,-0.987862387657381,0.4570258974410474,1.5717563736498827,-0.5810780922236459,-0.6869074585220715,-1.077614089089735,0.9046694894206384,1.32311391260456,-0.9182581148152379,-0.021313916352430972,-0.2435247744784172,-0.3934516100034266,0.6938148829781763,0.163418214963725,-0.4894853389711229,-0.1526315602003332,-0.4690197261613032,0.16202908264180416,0.4014712302926711,-0.4278525649537327,2807.049383357851,39.26729646619955,-8.742595503536734,4.080839124472064,-12.160329866364963,-3.7099644194239354,5.7684164090247245,0.9876556584379901,0.977786317891776,-0.38846833117770807,-0.3944879820367529,-2.7880658587087317,0.6167711223354851,2.2423568453810856,1.6778570296707522,-0.11201754255401548,-2.084850870552416,-2.790034363915233,2.2421802066778773,3.0873249698225904,-1.610465212584007,-0.5144342168391925,-1.1085557890621052,-0.7182415968110517,1.4139113275006145,0.7550660362415225,-0.6939362499331128,-0.31406277829726953,-1.470816850311743,0.04508031603499969,1.5158711788971968,-0.46183875906853344,1208.1668803852535,26.68446919793174,-3.1751786701879863,-0.6451406903176824,-7.033121723134156,0.4130196729788202,4.311196571311094,-1.2531378958645236,-0.6136586752933261,0.457755245328913,0.7627015506306329,-1.4295006567143005,-0.47351182614366577,0.7959762022344912,1.441843017420497,-0.5407897783702068,-1.1074547579179361,-1.1891190581843945,1.160600577562,1.5235153674532653,-1.0289614261082578,-0.01826222735868088,-0.43977381771287855,-0.5221798815980117,0.9122460563631215,0.2996211537320028,-0.48094247398494505,-0.17607713513470608,-0.7314173398794532,0.1554824523265046,0.6555506763132444,-0.41680595940265136,,,,1.2482095307880796,82.76834099999999,50.911659,87.15,95.53,498.6237624477162,544.240721504001,7.25654295338668
OOPIHSGLJVAYGC-UHFFFAOYSA-N__NEWBFDLFXDTFGD-UHFFFAOYSA-N,289.1196556366104,-741.0737128292351,-46.88272920905949,-13.233459157664912,-35.28922442043976,370.2833756375224,949.1131807639495,25.186844276888138,16.948449656499097,27.117519450398557,81.16372000091201,1690.1868935931845,72.06957348594763,30.18190881416401,62.40674387083831,0.4384566675072123,-1.1238554839477972,-0.07109874687483653,-0.020068847927639237,-0.05351692780703795,0.5615433324927875,1.439352165139465,0.03819643386870819,0.0257027172346333,0.041124347575413285,190.64637732771436,-488.66625263717384,-30.91461375485816,-8.726183082806676,-23.269821554151132,244.1659803258007,625.8481084179823,16.608281464409586,11.175859078892541,17.88137452622807,0.1895188281902696,0.08236555669936886,48.99323148979626,117.51517388821908,524.1212681793008,135.28176309483203,0.7948420667199033,0.20515793328009663,13.915413108983758,7.325295820356359,0.8996383832464535,0.47358402061185195,319.52000000000004,1540.0,36.43785241827068,-10.915647566872462,5.047150577766968,-8.127879567088334,-2.920310062830013,4.276582847762699,1.5355977544432566,-0.2009842287314947,0.9045310867842322,-0.4058058742668206,-2.3501709298979265,-0.15369236401545852,1.2200272352676362,0.7950948392583967,0.04348373230125832,-1.2788203943611962,-2.0566584018046026,0.9219326772471085,2.3211088172073135,-1.4413458410590763,0.5881985149654657,-1.5454324940176862,-0.4327981977541137,1.2802780088531152,0.7880420440796279,-0.6372164505317939,0.04601664858419997,-1.0426959575902075,0.21165722123345132,1.5378301129762972,-0.9023978077614987,628.3140274478756,20.69270375306662,-5.799525579311558,1.0406803935343745,-5.860417493781827,3.0771919864407673,2.759564193064782,-2.318619443019115,-0.8118600312059209,1.5238928441563002,0.3436536250432605,0.6621600462981427,-1.5307316172586012,-0.4413440358931214,1.143384642145252,-0.488043535150334,0.5923090441769506,-0.8292840957717871,-0.024804704917913516,0.7072950749607427,-0.2907390100047303,0.03103838363330765,-0.2285778942167297,-0.01930719068113471,0.4453156580199063,0.2489470212932643,-0.5257646652168461,0.20746928780057816,-0.17702042714717164,0.448172205514018,0.2672797958439257,-0.33679633088042954,620.3379284964717,21.950458623879285,-4.891155177459159,0.06340371108038313,-5.212307098411221,1.5499250061709293,3.3312875460894373,-1.3820409900353652,-0.9149518628196875,0.9816035201555763,0.4386749434034215,-0.26587827583032164,-1.0232969293961953,0.16008844746248063,0.9415960581966956,-0.30948924424700086,-0.18414926776854773,-0.8780250439834348,0.2872775212591216,0.9580298238173389,-0.5768056710335805,0.18923937098243523,-0.5702175464382079,-0.08695676657644794,0.5543556396408754,0.3506558729179345,-0.4346124053386975,0.017661230010295667,-0.2802985735237079,0.2445371095295538,0.5155795915563359,-0.46969622444916,1572.0399527035013,37.020944397808314,-10.980358180109736,5.177640497224688,-8.438675130548827,-2.611831708037821,4.3171088864517495,1.3817197136074932,-0.15458897014400896,0.9694733914784883,-0.2430296905429894,-2.1263907228870806,-0.4885630663616643,1.0306888806129981,0.9311819184369114,-0.08268123258860756,-0.9476063816104598,-2.027114346434001,0.7488046616060949,2.1796003583248953,-1.2670243489838127,0.5360604687471975,-1.459721299684197,-0.42098947132830317,1.2450688806723134,0.7548426411184455,-0.6609800106728729,0.07432416382475622,-0.9540243323966526,0.27330862241689124,1.464716658451212,-0.9213619638957409,704.3217101817654,23.330096233837846,-5.362428971140293,0.5402228019399332,-5.386750670821552,0.9629367500268106,3.204461980896093,-0.6887836758376171,-0.8071989612432882,0.8763076317921236,0.3906068218171191,-0.8468062869572567,-0.6613937842491346,0.4893859187255284,0.7788104410206292,-0.16307850773110902,-0.5115319397434669,-0.9742415631902385,0.43742111445445275,1.1732258797229673,-0.7275195616631971,0.28435431338863276,-0.7304372427561594,-0.10295865392431852,0.6734280402100211,0.427237496962308,-0.4261284310693212,0.0014914706728213298,-0.43953599166598273,0.19093810862089958,0.7007027702653015,-0.49326212988216456,,,,1.1253984096759813,63.361618,30.310381999999997,66.76,66.76,400.13859068483345,432.1503652120007,7.716970807357155
NZTQMLGXHHODHM-UHFFFAOYSA-N__XJXLMYIQQOOSJZ-UHFFFAOYSA-N,419.36384811691994,-1040.2520789328698,-57.227134314824646,-19.263927387645737,-47.284185406039526,312.14606493995706,774.2932406848162,20.28796194322048,14.338763716385484,24.196663771400505,-107.21778317696288,1814.545319617686,77.51509625804513,33.60269110403122,71.48084917744004,0.573285256469673,-1.422061492763376,-0.07823152262650891,-0.026334472088210662,-0.06463915876197161,0.42671474353032696,1.0584863265203797,0.02773436365125927,0.01960159863926629,0.033077697703761864,306.7688120752055,-760.9547078174191,-41.862216047131604,-14.091753848470725,-34.58885035533723,228.33794082527427,566.4031811738774,14.840845277186444,10.488947799516248,17.70009941168367,0.19583265812278167,0.10954157122743718,26.007935326839604,0.0,567.1032642837204,164.40664877315663,0.7752502791300196,0.22474972086998024,16.928646752600137,8.933755591590637,0.8949082028318648,0.47226995033029046,347.14000000000004,1431.0,38.99778679515465,-8.954893539694377,4.108746100171469,-8.453123082692505,-1.6201101556756758,6.266627227483391,0.248877308446598,-0.3486618156484234,-1.4051779830322275,1.5627715535130742,-2.0256134407925863,-0.0762503513432914,0.0016815652825323546,1.0808623781691022,0.6824681631875192,-0.7306259871429016,-1.7118598046912046,0.40744910408925555,3.1853292975684475,-1.5873215054236298,0.3721433229115498,-1.3806520603173833,-0.08674996704438909,1.395519627587718,0.5243137222986924,-0.7948979546930656,-0.02122925454890303,-0.20155464006695456,-0.22966293871192156,1.3545549817155802,-0.636559206719687,948.0501630391975,27.015570529597227,-7.134773987957599,1.1249412140154653,-7.5232463264830844,5.6991995973852045,4.54690324895606,-2.4600647065291747,-0.7257177407011006,-0.005268573285917556,1.1499944957571113,0.8115647323282359,-1.2552195728746838,-1.3665207571021931,1.5501840946733891,0.5436362194536382,0.1352098683726377,-0.8744157687629576,-0.9306748403620215,2.5308695544530115,-0.8605232037568642,-0.0030212758861593737,-0.3147900606895243,0.25896509683273916,0.8093128141895733,-0.28782921877499495,-0.6213030750489513,0.2269560712423197,0.18078523638352056,0.3262873958371285,0.22331801278456737,-0.8617758394560469,697.0594494253933,26.70533745177352,-4.304300321575743,0.33945344525504423,-6.0001428688665,2.306899209886539,4.810159928265555,-1.5987683783629039,-1.1070174144969394,-0.12265928332646195,1.1644918247381266,0.03554474361126054,-1.0789970806287987,-0.6373466560367412,1.2666300105853825,0.31431292366343805,-0.2662391523073368,-0.7934677774424878,-0.178439145522791,1.8649890360155155,-0.7117457460989441,-0.008221372512123022,-0.5882373904682584,0.10478900490888626,0.7912322303081479,-0.031233341126222416,-0.6157443129626837,0.10011091391766926,0.07161602701717891,0.154725443429543,0.3750899654091915,-0.6565968356766583,1540.4096301897646,40.45625095435637,-10.22600913644818,4.7744562999964,-9.10987591879683,-1.0855233043189922,6.449022247095369,0.13223406238550067,-0.26157019791223846,-1.3417200108857332,1.7069443480615827,-1.7889361493206983,-0.19466536707184862,-0.2816000349046321,1.2265302916568537,0.6669484008566549,-0.5479306154571494,-1.716735497616814,0.16769227306446619,3.3449063341147025,-1.5385627639320238,0.3135321974414984,-1.2636535662254944,-0.03718665991353427,1.4652939881344902,0.5208119591973226,-0.8919694176760294,0.07480669702144493,-0.15292109675446908,-0.1672865003686136,1.2984382909402663,-0.7553352236901012,756.7739063936712,26.2385249627811,-4.257199912416908,0.5843854951127266,-6.086296019361987,1.8350934331925641,4.547977510545902,-1.2206734267150272,-0.9365069250268413,-0.5682012747779424,1.2347373035732059,-0.5737234673911538,-0.7842756158825106,-0.3171497976381063,1.0829725084786201,0.4854519018829089,-0.4380511853461321,-0.830557397077295,-0.061531321718810025,2.00223560742955,-0.8661703199744342,0.08116516199746296,-0.7154342174251311,0.07018516606235098,0.8359016357027739,0.01274113241935961,-0.5596909061051873,0.0660341325894414,-0.01785410507794085,0.06830737289324561,0.5649042332205495,-0.5761495373448519,,,,0.998024045836304,65.70286,27.53714,46.53,46.53,435.02868502914464,530.0430122000005,9.815611337037046
UIYIVIOZONHEQL-UHFFFAOYSA-N__UBEQOWJENRFCRP-UHFFFAOYSA-N,,,,,,,,,,,,,,,,,,,,,,,,,,,,,,,,,,,,,,,,,,,,,,,,,,,,,,,,,,,,,,,,,,,,,,,,,,,,,,,,,,,,,,,,,,,,,,,,,,,,,,,,,,,,,,,,,,,,,,,,,,,,,,,,,,,,,,,,,,,,,,,,,,,,,,,,,,,,,,,,,,,,,,,,,,,,,,,,,,,,,,,,,,,,,,,,,,,,,,,,,,,,,,,,,,,,,,,,,,,
DEQICOQRNSROBW-UHFFFAOYSA-N__QHWLKJNRNWOMFD-UHFFFAOYSA-N,313.7569178021903,-1085.6426712345437,-45.97789241974379,-15.965333400507996,-43.425706849381754,414.6659923211419,1434.8021351276313,21.57339912115502,21.100031398935755,33.36749151459608,100.90907451895163,2520.444806362175,67.5512915408988,37.06536479944375,76.79319836397784,0.43073455466834065,-1.490401600700243,-0.06311977805854442,-0.021917670598532984,-0.05961606402800972,0.5692654453316591,1.9697377926851571,0.02961658512017742,0.02896673224536996,0.04580785564384087,228.54772713679864,-790.8069939347345,-33.49135019772728,-11.629514616687272,-31.632279757389384,302.0522088557456,1045.14274672084,15.714558169083881,15.36974627530647,24.305645272577678,0.12822286078264156,0.1186730043967405,7.519294440187823,5.971888959252859,627.3954322221044,101.02747790122787,0.8613065617552823,0.13869343824471758,17.47419292376241,9.266159628833092,0.8858074567794784,0.4697231700908809,389.48000000000013,2278.0,22.365126306446935,-4.580881824775492,2.842633163544,-10.472509502824577,-3.0913425460312616,3.9246189328174848,1.6804382584785864,-0.5543575331009143,-0.558334504335734,-1.2032388478789735,-1.8972703289650181,0.3240511432370088,0.4958504344528656,1.2291249726636828,0.5599686127494964,-1.2073854558820232,-2.1325362814891147,1.2946694886563517,2.832645411914915,-1.785954095189471,0.21741048782340378,-1.61801665237359,-0.5854628377284511,1.3495220197592896,0.8390066905526777,-0.10188194661659936,-0.45836601089509543,-0.6380809358467971,-0.2754655996657419,2.0105384768778882,-0.8489523145858929,1058.7470241499464,10.254043119807106,-4.210768558663509,1.4358233343832207,-7.832857916753808,2.743261373283903,4.727751729663124,-2.5136378664781676,-2.9163570754402435,2.2243738101999733,-0.23831913670364496,1.8559945513530256,-1.3067318886512458,-1.4573048008726,1.8577609572846325,-0.060156247526883616,0.07406375679015306,-1.179306578943196,0.6808804012741062,0.9183069555699226,-0.10912414673429512,0.10400828503831595,-0.31878604492129675,-0.18970435283242432,0.5573327289757319,-0.09511793178726757,-0.1677827852562466,-0.2217742149972147,0.43964894977793034,0.09517264968024992,0.265950888669854,-0.8221481209672089,912.7801239195472,13.0119548325052,-1.4578978176109034,-0.129389590132402,-6.585990748684025,1.3285233178765732,3.705067877414873,-1.5182573914209783,-1.5174121357039543,1.1721086632471298,0.009943339622172226,0.4288567967802143,-0.9596047250937908,-0.15269405640649805,1.322263152517618,-0.19165586425758244,-0.085181059036303,-1.2328184254336227,0.7898321518792094,1.0641250382065457,-0.5465261041640317,0.057087584360209234,-0.6862941343179958,-0.14526768681948088,0.7107068769167649,0.13313530042320929,-0.17312770157920987,-0.2557582261058858,0.15317681332667013,-0.11874720403396664,0.6654356131667001,-0.6107927459286298,2428.8435690607903,20.949913226496104,-6.553272224874946,4.650237950551152,-11.415397717571349,-2.8008611017148124,4.6368327152271505,1.2695944954301661,-1.161030960023854,-0.25764044120995766,-1.1477741450592798,-1.4099588098301759,-0.005888472007730503,0.026941954320802406,1.474347643242525,0.5617158565114103,-1.0840872272246493,-2.036353175066096,1.1442123193431057,2.7986198094422976,-1.6045502388327955,0.26251663254895685,-1.494351114698128,-0.5783054970278583,1.286957028098798,0.7939993522108585,-0.1572795767868647,-0.41286407711930917,-0.5024384973908205,-0.23096438303403952,1.8746583190271815,-0.9401117131318345,980.289917863428,15.468570406945322,-1.0046600338262386,-0.16087789739092145,-6.4947971843738985,0.6071081240822881,3.2985844607161225,-0.7382747665317788,-1.0883439552180478,0.7252582288786089,-0.0511040051306789,-0.3862837224065338,-0.5982017348186729,0.2759784556135828,1.1704433273062962,-0.13989293923886242,-0.3307310262325104,-1.3465366681093784,0.9585504062263516,1.2876692091891901,-0.7791500027891379,0.050421219446180054,-0.8588200195244576,-0.2017447036259076,0.824806547919493,0.23290013977999557,-0.11862690647714337,-0.30902092370026923,-0.0014683255088056247,-0.20864033147867764,0.9125938249854294,-0.5528298827278679,,,,1.2008702676206164,74.61179,41.976209999999995,76.07000000000001,76.07000000000001,499.736210767039,559.1748636200008,8.223159759117658
QHWLKJNRNWOMFD-UHFFFAOYSA-N__DEQICOQRNSROBW-UHFFFAOYSA-N,324.3233790485127,-1124.4232637469154,-50.095599721443804,-16.53563623157229,-44.97693054987663,371.6137590053806,1288.378152015946,19.718340325376026,18.946737529646263,29.962282605021997,47.290379956867866,2412.8014157628613,69.81394004681982,35.482373761218554,74.93921315489862,0.4660239572146488,-1.6156965942229111,-0.07198293780028793,-0.023760244032689875,-0.06462786376891647,0.5339760427853512,1.851285240530121,0.028333507794275865,0.027224782948972365,0.04305314512860746,225.70868421899,-782.5279081332463,-34.86338829923502,-11.507763354900685,-31.301116325329865,258.6198159036538,896.6302038451413,13.722725333214868,13.185738291840314,20.85186520570096,0.1279717003638841,0.1183609516096146,0.0,15.168671656802447,573.2491991109124,122.68793894298106,0.8237083031866018,0.17629169681339826,15.550157306556928,8.467961476787504,0.8363519188394088,0.4554420698228643,389.48000000000013,2278.0,5.743302653653418,-2.1951867815482724,4.120353336423683,-10.208606300833592,-2.8867460913183693,2.659005283661503,2.0068356283285014,-0.9630655937271556,0.5541153377975626,-1.0261886361537844,-1.8221734058720422,0.9077775058257755,0.6071336069935943,0.731946901753785,0.09160552556569189,-2.1137186404921393,-2.3140653770962305,1.1845345893482264,3.144643508511778,-1.9568355062241887,0.36116294472932176,-1.717298261100793,-0.21827017628237705,1.1275775390002256,1.2074747322004231,-0.6075313042949019,-0.8568209708906945,-0.08009602146094746,-0.1307186888794586,1.7952751373558322,-0.6501867744658537,1058.7470241499468,0.19430446931335607,0.8569241332532774,0.16105309489597602,-6.551961493358411,2.6362559686776903,4.72193303122728,-1.8707940291094882,-3.3936629514499943,2.6666809230505226,-0.5711416912372949,1.5325870295185056,-1.803925240835508,-0.9529294328258551,1.5606124920212272,0.027286527530812,-0.03554708421505204,-1.1404411147225189,0.19671599102765994,1.3715554498011389,-0.6300728713358136,0.2618691413508446,-0.6123008047060433,0.1686839108629712,0.44149832928906957,0.08986992020818779,-0.6841443567068611,-0.2791550625401569,0.5384469233836503,0.13198938539488547,0.3491103595354373,-0.6606884247481548,912.7801239195475,4.55297087649208,0.8699453239947137,0.11194820232472336,-6.566337732165246,1.3984588365975514,3.4548115805565045,-1.5107554341634353,-1.7507902406718376,1.2672030819522848,0.050517234900179175,0.20572297151660515,-1.011026961564827,-0.02082100643752239,1.0629641724799574,-0.29552368205348917,-0.309437016356133,-1.1600592415090627,0.555293083189051,1.2472489576002501,-0.8462374685361619,0.1441345842769846,-0.7016568649607652,0.07340626051990448,0.6062147769563134,0.2326989728139963,-0.5073761767210109,-0.22571977878557084,0.2566584973550355,-0.05840383608353789,0.5514268631599928,-0.42459832733587205,2428.8435690607903,3.2016891429153,-2.4712069123699707,5.0536447306764565,-10.440277796139052,-2.8949099315685625,3.6104486320830045,2.18326750735504,-1.7603047519565447,1.0530640241956029,-1.0149236864521667,-1.5744849293647942,0.6170430196937676,0.2811135159308004,0.923828715461629,0.1897372234410546,-2.1190812180009826,-2.287851747126485,0.9866594275677301,3.1780184296195544,-1.8298091652795843,0.3939774789630929,-1.8030414444337375,-0.1709590928875851,1.1221977092075182,1.1565665996176613,-0.6764169844514325,-0.8612446757040261,0.04857351471075939,-0.06772649508840062,1.717415643681941,-0.7534591353387596,980.2899178634281,6.685639484690653,0.532322599130136,0.5428295582099492,-6.684050852125159,0.7566482185039738,2.759277427907129,-0.9793745975736741,-1.1366196804372504,0.8700827967582674,0.07855270868124323,-0.3995522621249228,-0.524490733928049,0.30488832616919836,0.9049532966459968,-0.33835293069747147,-0.4959627369134407,-1.3055142779590463,0.743109021645844,1.413837848508864,-1.030697474045982,0.13887021554623172,-0.7788486099208564,-0.01825443793506919,0.6962417512265925,0.3498771848065782,-0.45955841232458844,-0.3082943904391989,0.16460153821640838,-0.12917334878360384,0.7567627544452393,-0.35867186588506533,,,,1.3287627362949868,74.61179,41.976209999999995,76.07,76.07,499.736210767039,559.1748636200008,8.223159759117658
DLNOFQSQROLCQA-UHFFFAOYSA-N__LLSVQEIVIRELNN-UHFFFAOYSA-N,427.8652537372171,-1801.3778246348038,-46.492677450633295,-18.961871838261096,-46.189174990636005,519.0534465840628,2185.293992232083,27.670237526984135,23.003094655074555,39.023107004144336,91.18819284684577,3986.6718168668867,74.16291497761743,41.96496649333565,85.21228199478034,0.4518500411830991,-1.9023574294431131,-0.04909891148507131,-0.020024815046769617,-0.048778395626746504,0.5481499588169008,2.307794736222481,0.029221344469800736,0.024292576170762956,0.04121062028968716,405.1536099814803,-1705.758348490763,-44.02478570601016,-17.955351036744876,-43.737393551045216,491.50141503666174,2069.2957469443054,26.201465356632927,21.78206049415058,36.95170976686259,0.10650057364994739,0.09739600818999815,15.744278439809056,11.642399197071638,824.6462979703495,122.27240235093049,0.8708733893316873,0.1291266106683126,17.29659334913373,9.38210149323811,0.8435734639621806,0.457575182357629,555.0900000000001,4465.0,38.99306686546228,-7.941911605835314,4.133820885831819,-13.715112849746966,-4.503887558674687,10.983729947876,-0.49990245315429016,-0.1101651619653428,-0.04075178490209776,-0.8798924531905865,-2.5672374539010065,1.3057805476777058,1.8647698721624815,3.666050787096245,0.7428652604653861,-2.4658479495006307,-3.421500344572884,2.8243491771500957,4.716812566967525,-1.7841191202546,0.3413693103474456,-2.555603155763558,-0.2592838186275723,2.4467510959694656,0.45996090957066815,-0.5718113449999617,-0.10675913358146052,-1.740212121905878,0.07218572299461817,2.4029977902642514,-0.8291371075236664,2121.8551697884486,18.97903461620423,-4.2432875778223,-0.15091209915063047,-12.048799701845045,4.168565779079337,8.65246967831735,-4.89319736569406,-3.027923401672261,0.5647564430228804,0.580604284247998,2.2922971066276685,-1.9811855371063514,-0.9346623201564845,2.7984684043045496,0.07084661291856283,-0.05398434242235607,-1.957269124789231,0.16933476389771476,1.9543426250284064,-0.6826699285333732,-0.18331160780383085,-0.5959282232542611,0.16837838835790195,0.7675076508343011,-0.30667805107736174,-0.5127088664044969,0.25738078794231206,-0.48511705508714165,0.35088382886869185,0.18620358371905416,-0.620743224057562,1965.1377631310447,23.906294134855308,-4.384891322661256,0.24060784219983108,-9.813608262997723,1.3387424477388261,8.171671116773336,-3.705704177591981,-2.0880626600737355,0.6377631028189126,0.7274711279647044,0.5264809959684305,-1.4461714252571198,0.02402776914611003,2.940973711732875,-0.03238381403060466,-0.6269846104566617,-1.8633361776668373,0.8854045660736433,2.2023352103777554,-0.735081449034395,-0.09146621645226807,-0.9406478440472247,0.08859902849754508,1.036031717144534,-0.05998531844166051,-0.5741312468731063,0.01802370237012539,-0.5172239845492174,0.20841366687198173,0.7528961672266046,-0.6818916924154924,4607.506623817255,38.308426441675905,-8.285146110705492,5.159208232442966,-14.935192734043705,-4.030566143802237,11.521174871149217,-0.8547676406193877,-0.6237715735253607,-0.2306711134333165,-0.5778082485390019,-2.102499145977639,1.1472038945903102,1.5004999305821103,3.7756943295946694,0.7418113307162926,-2.2668387768132954,-3.4627600932913585,2.632641811486409,4.533785304380496,-1.6030579475274733,0.40237723972116596,-2.4591866671749827,-0.22449594986459942,2.3348404571837076,0.35878134929761285,-0.5975544394337211,-0.021576127697424435,-1.659425715916002,0.10993726479765095,2.185081471543124,-0.8441929395315577,2180.0213603579277,26.02318602674544,-4.435503214478027,0.6105305650134598,-9.515677794943626,0.3910790123398668,7.848034071586125,-2.7608835228247925,-1.7171279521165435,0.6464785166263589,0.6008019654045089,-0.4158141735929235,-0.9338211050686994,0.5494081371487669,2.7791425034190107,0.1405643127258682,-1.0013699594708287,-2.0302825830423985,1.250004313528873,2.5576529041349265,-0.9183007310165046,-0.06677295702531345,-1.2477910857102152,-0.01431474411450053,1.3092016851379296,0.012982013075890331,-0.46799002759999697,-0.07555016579919553,-0.7412905543279058,0.12422629638015052,1.0738961068039643,-0.6426707864206088,,,,1.2026826623713565,110.96772,51.73028,105.17,105.17,697.2974046473555,788.2231488000011,8.297085776842117
ZTSJINHQOXTRAX-UHFFFAOYSA-N__HWLRBDAQXSGQEW-UHFFFAOYSA-N,442.80182277371614,-1760.5244661365637,-59.818538985300556,-17.605244661365635,-40.94242944503636,562.4487722994027,2236.2257191691674,29.928946491902035,22.362257191691675,39.23203016086259,119.64694952568652,3996.750185305731,89.74748547720259,39.967501853057314,80.17445960589896,0.4404889934350231,-1.7513289469960556,-0.059506096567840915,-0.017513289469960554,-0.040728580162698966,0.5595110065649768,2.224545531362268,0.02977262250685372,0.02224545531362268,0.039027114585302954,445.12679584273985,-1769.7682672245655,-60.132621911377946,-17.697682672245655,-41.15740156336199,565.4019630521198,2247.967234912619,30.086091270896056,22.47967234912619,39.43802166513367,0.1020597329332893,0.14401778716163935,130.20256864304554,1.9683735424231847,879.231905921322,126.01868915179689,0.8746395279252427,0.1253604720747573,19.08341581204962,9.757995165385067,0.9556697342651896,0.4886662188001118,553.4000000000001,4950.0,33.399014927082376,-13.754171494292075,4.8113739121135195,-15.403214479913752,-6.141317095272965,7.904064303813439,2.4780650465640637,0.054138438445825526,-1.1933330398347655,1.1296161705253482,-3.8741363319696718,0.48629484820497554,2.5180948416169535,1.3618315265030694,1.5803309210470216,-2.4744938146723197,-4.337028810271007,1.3919110619930044,5.661851378404291,-2.8237003596674324,-0.666808789764753,-1.652828901808143,-1.0254410356420758,3.1031476609167674,1.4118933521567192,-0.933841038216763,-1.1637146549733266,-1.2152499848436176,0.3263614055609912,2.247815768833556,-0.903347465695644,1967.9648880820275,30.725451719728806,-8.141117950339373,-1.255479521460465,-9.568069658763985,3.903814811352276,8.879133741582523,-4.549127251527891,-4.138331342740147,2.3072300921735445,1.6445911686568986,0.941876736465262,-3.505281414730711,-0.4769836807375526,2.190895481198799,0.7544927231018433,0.17832891645191498,-2.4487627871340556,0.3821138170335753,1.6284339651801902,-0.76766600439116,-0.5004718898177315,-0.34690980667040944,0.07045640044068857,1.4226007518079231,-0.13639340321085172,-0.6162315143269744,-0.15708012967902732,-0.17792931900862066,0.5203608036188488,0.40965555867386855,-1.0306125007090043,1985.505886305098,22.567415509891468,-6.118709206294807,0.09297899858731885,-9.664646589793463,2.2657140513787066,7.215982885424443,-3.007733100907811,-2.141977549003109,0.9430031056341798,1.4118962833411985,-0.5326124404732465,-2.4358010325662445,0.6542392210402622,1.9836370733297655,0.429487425929507,-0.644070689177505,-2.2816100031478355,0.5435764538433051,2.234215203713436,-0.9365482959326179,-0.405683585751813,-0.5652300698760256,-0.05821545236117485,1.4339470339256148,0.15281290130027483,-0.611199360800052,-0.4053796069028056,-0.23710740209420694,0.3554699405998341,0.6831821686164455,-0.7539727448612639,5092.961262067475,39.58802946886769,-15.586440068685292,4.7060536168494504,-15.436547708314531,-6.081783117913928,8.695250690437286,2.2506380354686235,-1.0023227608979888,-0.806668805698402,1.5901532721798342,-3.637177352373531,0.06516423069915163,2.3818602685044006,1.4497786109206299,1.701345503432117,-2.10992815290265,-4.441358934106232,1.3228333747831524,5.449681678070524,-2.7766058481189564,-0.7799094861336106,-1.672403749344114,-0.9306764165354848,3.132597629431727,1.3522040324399611,-0.9430365452500724,-1.0307715557176576,-1.2006772692494136,0.3879069355482434,2.1809807218247075,-1.038287662189761,2185.832326315217,21.229504194333153,-5.899312092623326,0.8366634959221614,-10.059718164687984,0.8468604012362129,6.821604737975244,-1.9794134818759137,-1.3666327827745328,0.3303662528960872,1.3037136342511535,-1.426384641541749,-1.7406407030459459,1.154656155100895,1.8096083144307675,0.48074044717250314,-1.0986416741691059,-2.396597732376723,0.7006479301427635,2.7079270343140367,-1.1452377335342134,-0.35072762986737566,-0.7433468299048326,-0.21682860416803065,1.6168496103815522,0.3386070690440339,-0.6550815172629237,-0.5358574609444627,-0.35156539555206057,0.28591506217123436,0.9577548630853528,-0.658681715647478,,,,1.2876864051323624,111.081685,57.356314999999995,102.60000000000001,102.60000000000001,681.2171470569634,759.3407678000013,7.5934076780000135
VVMYLAXWHMZDPM-ZHZULCJRSA-N__WMUYJHSRMOORHK-BWZBUEFSSA-N,271.0163211364663,-728.3462746224243,-43.18645226906825,-10.115920480867002,-26.975787948978674,492.9096434942948,1324.6763186035691,25.556047982976153,18.398282202827343,29.437251524523763,221.89332235782854,2053.0225932259937,68.74250025204441,28.514202683694343,56.41303947350244,0.3547677833773595,-0.9534252117932212,-0.05653224823945099,-0.013242016830461403,-0.03531204488123041,0.6452322166226404,1.734037563762927,0.033453566400676676,0.02408385505226287,0.038534168083620604,207.03640455485515,-556.4026304261567,-32.99125220862828,-7.727814311474398,-20.607504830598398,376.54647488218376,1011.954634512757,19.522928607545076,14.054925479343844,22.487880766950163,0.14536431258237817,0.07855223453954407,104.10320984705405,151.38451477925565,631.5946120523605,132.3313525784006,0.8267746369344021,0.17322536306559777,16.152368833030547,8.69280619705016,0.8581305584049181,0.46182468423616385,382.72,2556.0,41.77034762328734,-11.52643750716549,9.646935064723891,-12.066144844603894,-3.7257794639943946,4.811929048056471,2.0223313695645064,1.981127822575879,-0.9112234552274965,-0.35653393518353504,-3.9761045031484112,1.2640239292448527,2.703264301498546,-0.41714533510389473,0.22964768990027293,-2.512156965570512,-3.179458086475692,2.2413932184842427,3.74012329684254,-2.4763954561638624,0.4454209404702769,-1.665219586301502,-0.2685338635876185,1.3293318890864698,0.5002021928674355,-0.024597575136016524,-0.6185792079400808,-1.0394424477111688,0.04200708751131835,1.6819218655602188,-0.21619179817655018,694.8184163961326,14.972848973291558,-4.070791468635745,-0.023244143984861104,-5.53814368653846,2.8328663493733055,5.5066755082889065,-2.909866808948305,-0.9052210409969612,1.4418442349642588,0.8694438151441067,0.19724889201952453,-1.6839306635267308,0.13656131453359924,0.9825975544223796,-0.5685522292064508,-0.44755873762112613,-0.7625936728019573,0.45933805273946504,1.0422294106105663,-0.7143198075318328,-0.10061182256755094,-0.07221230774675734,0.1248740472674394,0.4179839677419951,-0.2584291395069747,-0.34810781113436895,0.1745513992694914,0.004519649305688087,0.04244656798016298,0.007247591566683745,-0.30043946612082856,872.9540793543956,20.53164447081733,-3.683109137067879,1.182954743646892,-6.018755139417368,1.1831813821686885,4.851591381183485,-1.5852531429163303,-0.47561197296867097,0.710826737014228,0.9140083800979861,-0.907476802768229,-0.8829975318817735,0.7751363397384385,0.6363393797803472,-0.3879937647387589,-0.9307121737442638,-1.0847006176418068,0.7195002167373434,1.3338771664514961,-0.9310860381308528,0.07231022842255425,-0.5287744526126761,-0.03018226161343931,0.6465314315856197,0.0392775862827353,-0.2760567499891572,-0.07546621738356885,-0.2126672147292749,0.004512102147529887,0.43432113593644645,-0.2426561058666283,2506.1544032265147,40.02676785161271,-11.544762859209818,9.532971576347842,-12.226586140234632,-3.3954099578312587,5.131144980281595,1.8187670531818891,1.8682818249191928,-0.7759079491207818,0.02874339182735517,-3.9258566825851524,0.9821985098022658,2.6189334427310293,-0.22639945691763314,0.16886549100826181,-2.290672931710729,-3.0540947573412347,2.125786873814092,3.6628583150370018,-2.305192680872853,0.3432277338955104,-1.4965142248340744,-0.25633008900507565,1.2624995328864055,0.372370165013907,-0.10322136375747916,-0.47040823034470086,-0.9372716637921019,0.055522064402671434,1.4748096292689614,-0.2649708439110778,1047.1913939291865,24.19147236220758,-4.0232170676198935,2.1975287293598016,-6.670224162069169,0.27527236991443316,4.624365486328746,-0.8269458115267475,-0.16099098705285522,0.32659336228495844,0.8111034640498042,-1.556246943657589,-0.39207547356764455,1.1156710450017704,0.43810111715411176,-0.2978675549680238,-1.2894441829927716,-1.3218301575273257,0.936098620143904,1.6185894198078623,-1.1330541670317518,0.15679201275593,-0.802844542561451,-0.09946984414532012,0.8048593098696232,0.1912861329859563,-0.2442881149325577,-0.2108062815795956,-0.3712047185672849,-0.023914727047147376,0.7230411616306612,-0.21159865755365354,,,,1.1922294330382988,77.07292699999999,41.703072999999996,81.0,81.0,471.3971241420103,453.2879087280011,6.295665399000016
CWCHYFQASHVKOM-UHFFFAOYSA-N__YOWMLLNMOBJYCL-UHFFFAOYSA-N,401.79696784850967,-1622.47523715936,-69.56593372178703,-21.071106976095585,-60.09167545034668,455.47233103901647,1839.2189027187449,27.795471614606004,23.885959775568114,36.7843780543749,53.6753631905068,3461.6941398781046,97.36140533639303,44.9570667516637,96.87605350472157,0.46869398958987507,-1.8926085878321288,-0.0811482853895064,-0.024579332309508168,-0.07009661436415293,0.5313060104101249,2.1454389012944817,0.03242326728680946,0.02786284287395431,0.04290877802588964,344.44820492262573,-1390.8982090219772,-59.63673922813248,-18.063613104181524,-51.51474848229547,390.4624458924849,1576.7058992343837,23.82820446330142,20.47669999005693,31.534117984687672,0.11828211468711024,0.09584644699245959,205.19850898385,26.86537370911193,662.2457645627361,195.02353432478998,0.772506102133984,0.22749389786601595,14.540492264022085,8.726910520933542,0.6661672225403599,0.3998201462183807,438.71000000000004,2926.0,45.33199888297487,-10.548226905726606,10.02098024309683,-14.33008965067055,-1.9240526085830354,3.3148047422600824,2.0964713444839096,0.6822430139165159,-0.37947390736007824,-1.5130579590849138,-0.9956074325877952,0.5794117566020296,0.8009303232973926,2.423242091114343,0.6493752155984873,-2.178473663566028,-2.329959253990362,1.6631173795785767,2.577884643815073,-0.9121968830710953,-0.3568644765727813,-1.2621127223376125,-0.24153005459804106,1.0695831245058485,0.7523729734853851,-0.4339590398059476,-0.5997116665927461,-0.9019679029034763,0.0007296088773349457,1.60307230065517,-0.31596695369180305,1422.608640836294,26.189797256907468,-7.388806654979629,0.824515074087518,-11.172788874456852,5.876018800413868,6.313858909021767,-2.78531254718947,-2.998946236293431,2.0274551372881686,-0.14503050904454878,2.3640022865073917,-1.9429190409213861,-1.488850213068415,2.5162758231967945,-0.1256133860323946,0.022365338584282322,-1.9480626753976416,0.4596294090900391,1.4400097103630325,-0.5802564365997658,-0.07484409077591747,-0.2805600870994306,0.06185241843560887,0.5516906655838986,0.01513566413010414,-0.5361312684495911,0.02094148452827729,0.03405623852843923,0.3294987617720673,0.14671440301358496,-0.6791176977628938,1242.816163687846,27.486611085074294,-4.735820795324404,1.9393653458900608,-8.791663774034912,3.06260623098803,4.338182577751227,-1.628808456976858,-1.4585304886198454,1.4569844984047229,0.2599484661690237,0.5602820222256147,-1.213885237177206,-0.3192136173518204,1.9984922996643053,-0.06466724689390652,-0.48666259465703077,-1.4092269494469798,0.6146160138453178,1.3866044393813628,-0.5152931542906913,-0.16163885151168572,-0.4756113544145097,0.08844918782146749,0.518307992147636,0.19441440001818197,-0.382913406732967,-0.08526160131264135,-0.14650130085710397,-0.02580366652777867,0.5662096861067866,-0.40653171919990244,3115.221625947084,43.244179181074266,-12.28107371138912,10.678576039120067,-15.519432315770148,-1.4896865717215946,4.24301397248089,2.021231279401645,0.050842534830285474,-0.36076008772923784,-1.5722454105520323,-0.4212473457939407,0.26599276255576937,0.522272660582647,2.5892755539514933,0.5962723850056334,-1.8599092466040827,-2.4864260543645185,1.5203374790394553,2.5522565402280653,-0.7677645844398129,-0.2541780565208787,-1.2378997307464108,-0.3027795570394781,1.1639213781745426,0.580512855598693,-0.48125492210932586,-0.5312245107510302,-0.855892913588595,0.11677980671998922,1.483860024988454,-0.449721477193977,1331.3942819595904,31.151980311356564,-4.710195123671379,2.439194400462555,-8.75406246180885,2.0531074092346238,3.5272183740360172,-0.943664856658877,-0.8266174223581457,1.2380514951372399,0.044616414237801175,-0.11008611437842628,-0.7421500732309309,-0.02573899384711979,2.027242159597279,-0.018594431305601424,-0.9206994275712806,-1.4627793836763552,0.8970194041769711,1.5783926557902543,-0.6633192218193015,-0.28593388461079217,-0.5674890141059863,0.05616968696713487,0.558855104981898,0.4030860818372264,-0.37615001382055074,-0.1366381701026014,-0.28543635777138054,-0.10255319822376567,0.7716694147189196,-0.3177130063814469,,,,1.364593193992174,86.864376,48.445623999999995,140.09,148.47,556.5749204926883,647.1800726440009,8.404936008363649
YOWMLLNMOBJYCL-UHFFFAOYSA-N__CWCHYFQASHVKOM-UHFFFAOYSA-N,359.54925781743236,-1451.3727436765237,-69.0690980233114,-18.848996671123686,-53.754546062093475,438.7350905723315,1771.0178461123774,28.66072919838428,23.00023176769321,35.42035692224755,79.18583275489914,3222.390589788901,97.72982722169567,41.849228438816894,89.17490298434103,0.45040248946717637,-1.818114994493025,-0.0865219243777385,-0.023611883045363966,-0.06733759238863056,0.5495975105328237,2.2185300885389205,0.035902907599524456,0.028812079071934033,0.044370601770778416,287.0225449908122,-1158.6081449564774,-55.13677990940786,-15.0468590254088,-42.91141277616584,350.23535589325763,1413.7758272704623,22.879411532507675,18.360725029486524,28.275516545409246,0.11908551661683672,0.09587974655315187,0.0,36.218700486388805,582.4912880508128,215.79306033895097,0.7296789536532543,0.2703210463467456,16.421967008139188,8.591634160219456,0.9113903946440522,0.4768206417683581,438.71000000000004,2926.0,22.42933374075889,-8.509731403074003,5.4289199258776435,-14.416987607733478,-3.6033025182959193,4.029912820620752,2.245180360465182,1.4709906390004832,-0.23076642136031644,-2.2523421631354767,-1.1346925637381082,0.6838985481713371,0.40882220200847524,2.2755676233111295,0.6701076966256625,-2.2973833436896527,-1.8872927255016656,1.036051787005157,3.203831218808518,-0.8596756687770719,-0.43617719465620575,-1.2741760066572454,-0.02578870744261523,1.0895638180340297,0.8424759227764624,-0.38307217059109927,-0.03181607597426592,-0.9233922314467669,0.5299335146491133,1.0810899231956437,-0.454057946281978,1422.608640836294,18.744063366620377,-3.8126338433272227,-0.5519804371970558,-9.700735552637006,4.541989935899066,5.857091154209979,-2.7237012890364913,-2.1796132377494772,2.385481539495076,0.005325928804364209,1.7001591196955843,-1.8298393803020387,-1.7032534064586333,3.193826424483476,-0.24831713752364518,0.07094642190259767,-1.8230736398079916,0.31989198757834614,1.4568534640311364,-0.4375294204175784,-0.5646201829911762,-0.17286043702629766,0.06961076329723642,0.7693638174889337,-0.6474265404363878,-0.6671494897154647,0.5532686209894072,0.00864168061955637,0.3171152351677439,0.16843606674530634,-0.7459026093725785,1242.816163687846,14.173776234477295,-2.373031028473088,0.274629534139594,-8.095741019943334,2.0771394694817307,4.521981284076948,-1.5078934989486965,-1.025454037419114,1.4933572738687406,-0.0197190398364752,0.3696845121197002,-1.1065077272326467,-0.6111720426418324,2.2688635644084805,-0.1946497968178149,-0.6501584328588456,-1.0895655732775615,0.41164926713410344,1.6170743450774467,-0.5500413361136182,-0.3638723278257225,-0.5053367017525762,-0.06156506452200805,0.7124504381060605,-0.09759631692837037,-0.49820067643868415,0.2872091220812076,-0.20728421090152202,0.2248723408709297,0.43960873267172046,-0.5962943064812164,3115.221625947084,23.738342809777798,-9.95374192955109,6.122530045065301,-15.446026338733807,-3.2650013506136077,4.750121308553866,1.8501313209604446,0.9668493298596782,0.04652386576666079,-2.265534018468464,-0.847651535894446,0.4210179874435504,0.027332397224190536,2.683996228076814,0.5987054040479234,-1.9249311066067853,-2.070217730343601,0.7995622226665128,3.070659398824839,-0.6685964859073581,-0.49942283370614227,-1.1858985723396915,-0.0019271960188768122,1.1740711226460023,0.6093549947048831,-0.48716655999454195,0.045190248626977736,-0.8514011434834605,0.5848971891401333,0.9969034648262455,-0.6348441386126211,1331.3942819595904,14.153391670736333,-2.4321002263952765,0.6171796825890045,-8.11445901751965,0.9100248577316535,3.974841188315895,-0.6940269797754741,-0.4941004304195539,1.1600984618029697,-0.2983413173137438,-0.12630695208802298,-0.7043189347256209,-0.19791726299340698,2.1244352868955674,-0.07921445445692303,-1.115324806725244,-1.080633266731325,0.6256343180629659,1.8738465334420904,-0.685092734041557,-0.3538670582462786,-0.6301053828562659,-0.09910878410042037,0.7132382634066697,0.13652801834971248,-0.4453054576031308,0.2562225769822083,-0.3499391982100651,0.18330409143268586,0.556471112617103,-0.44857856599701557,,,,1.3871633660164842,86.864376,48.445623999999995,140.09,148.47,556.5749204926883,647.1800726440009,8.404936008363649
WYZGBHNEXQIMCZ-UHFFFAOYSA-N__YKYVLSDKPIQRCK-UHFFFAOYSA-N,169.98762789610865,-332.68271587098013,-31.95261613681068,-5.638690099508139,-15.84203408909429,407.18238922012233,796.8964846275487,18.66899019514055,13.506720078433034,20.9709601217776,237.19476132401368,1129.5792004985287,50.62160633195123,19.145410177941173,36.81299421087189,0.2945191587488101,-0.576403323119926,-0.05536083855578388,-0.009769547849490275,-0.027447777291425047,0.7054808412511899,1.3806962610586702,0.03234573806937892,0.023401631543367298,0.0363341121331229,98.11176210234453,-192.0144888135278,-18.442092002591377,-3.2544828612462346,-9.143547086358465,235.01346655560582,459.94475767234655,10.77518139047202,7.795673858853334,12.103809412430175,0.1944348764462091,0.10811306626815781,161.91254005708737,99.04980604758599,476.0610461049122,101.1089710113188,0.8248194327271208,0.1751805672728793,12.940330182762944,6.705096835417865,0.9299244291908122,0.48184499616946935,304.33000000000004,1711.0,25.936319987880996,-8.453623216237474,7.7621872250668575,-9.829111667283053,-5.003563305744957,3.9369894347128165,2.4404719240988433,1.479355054148628,-0.773297708783015,-1.0231667196111787,-3.74368351192871,1.2733315231536302,3.471825818821724,-0.04067525992083421,0.6501776595937664,-2.5530656974971526,-2.6274736681668482,2.2165091942882604,1.4619053055883695,-1.880417021502322,0.05375974663930335,-0.8864482750218015,-0.7777175512973451,0.896242523113356,1.1409603329448132,0.07160024316067136,-0.6074701504354193,-1.4305751485647509,0.124895721008348,1.5564939184039817,0.22105203099079535,468.21016272677207,14.003847249258321,-2.8413980259083194,0.8952953424784847,-5.166543504208923,1.9494174200722105,3.326410478552539,-2.554875814840842,-0.3001803555674504,1.0509449403779598,0.4598033280481193,-0.16159076105994172,-1.3962556626089782,1.2238031638774243,0.8014966905900186,-0.3235829586636023,-0.47288050916476765,-0.5223051472632582,0.6992298079738192,-0.0465452363094028,-0.5292305403992313,-0.03224612271442011,0.2500554249126653,-0.18309753874100504,-0.0639773106852379,0.21376061512929348,0.18639081049112322,-0.16108343441149692,-0.07875965557419329,0.088306371100702,0.3723612487450986,-0.2163373970281768,581.5594519517964,15.550728490244495,-2.387941936296492,0.9692674733176881,-5.179134899822936,0.44253059704264464,3.154306138319039,-1.3593742921466696,-0.20679645582449865,0.5609093464281169,0.5237498978049724,-1.2122374576467176,-0.7599833834431703,1.8385047161080845,0.4144845758582268,-0.13093785597180566,-0.8277434942007401,-0.8368738479022084,1.0161901496583068,0.15464082934493176,-0.7256605603106275,0.09159578074181181,-0.10120197556964376,-0.30034342979802164,0.1400927387077067,0.41267573782450445,0.21569240135397658,-0.36815026914561877,-0.32287897920831465,0.06932314665321253,0.6345673751878235,-0.10867226139801646,1681.0730878364288,26.198127405764126,-8.589050292499877,8.136292284447869,-9.860446299802982,-4.728174295525326,4.0121337333193665,2.213396032222617,1.5307553981126503,-0.6596060705975504,-0.8926631388617792,-3.65599887293203,0.9759468957736936,3.3622922884244746,0.12814447657052863,0.475334999380737,-2.396566581111077,-2.5372926823125974,2.0490004332573104,1.414824244217964,-1.7934005118551262,0.00809415329450377,-0.7677052718267015,-0.7560788972862497,0.8337468928184777,1.0832297572432479,0.035321954111981066,-0.5084429205780239,-1.3128363929994549,0.13595777882684082,1.4127973400796636,0.1981892371208193,697.2061522826576,17.05621095808824,-2.534311951344341,1.337897516809421,-5.5377430737672,-0.5289486122646095,3.1825086867333305,-0.618359339157013,-0.10896900085710291,0.30274519867397653,0.43109238485003315,-1.7813509877130862,-0.34216249656296127,2.1898166787204207,0.23166803965196492,0.020358531174341353,-1.107169226832634,-1.0769523176880453,1.240960805958334,0.3213998908650501,-0.8689781803659078,0.1260862526510389,-0.29572636150828646,-0.392521398638514,0.30136831678672116,0.5433287080335344,0.21372975429402133,-0.46480978568018994,-0.49908758323437963,0.05691722169385843,0.8234690408540821,-0.04175082067409553,,,,1.0551183469724823,63.008376,34.653624,49.33,49.33,379.857220969034,373.2417074840009,6.326130635322049
LZYNFLFJMQSNIQ-UHFFFAOYSA-N__UHDUGMHZBDYXRM-UHFFFAOYSA-N,191.46628855998551,-547.6729530706638,-46.29995502930077,-9.779874161976139,-36.51153020471092,436.5820917384347,1248.8057570784617,24.205341744836364,22.300102804972532,30.458677001913703,245.1158031784492,1796.4787101491256,70.50529677413714,32.07997696694867,66.97020720662462,0.3048591391462699,-0.8720235100525765,-0.07372036371991139,-0.015571848393796009,-0.05813490067017177,0.6951408608537302,1.9883910161269516,0.038540568695257335,0.03550698243083842,0.048497341856754916,120.25009241184884,-343.96511110928304,-29.07861176404204,-6.142234126951483,-22.931007407285538,274.1946755836202,784.3104330404702,15.202125677414214,14.005543447151254,19.12952275708464,0.1669712940591242,0.09089897724546968,75.06614142910334,42.88124183646631,462.1024189716065,165.9459613268137,0.735775194184939,0.2642248058150611,11.935450472817243,6.904046812050697,0.7287615217186044,0.421551216037088,302.08000000000004,1540.0,63.05834653473391,-8.482361154673258,5.682714423829738,-8.466279331493707,-2.563228835343379,4.593056735707325,1.1664797975265357,0.011541445783855638,0.38281100197882423,-2.093362807260366,-1.3816536637504746,0.751400161036665,1.5186292418691651,0.9047309672607605,0.06113639466702089,-0.9885509093895734,-1.794063943266615,1.1031479259393606,2.8784021516082845,-0.9112123372367921,-0.2753698227381545,-0.640775107759792,-0.746490941142444,0.8882661672935128,1.0227499442691046,-0.33305608617001803,-0.9241710182512411,-0.7057813887602695,0.23295571051407668,1.5014376011750232,-0.20570368849693904,568.554007407351,28.686643852800277,-2.1168593579416695,0.7699621488885094,-6.191747397234515,1.9368905599115551,5.03073135613172,-2.7342985700157763,-1.158233705203695,1.096966462969892,-0.4100420717101829,0.9146577537779227,-1.128450641357724,-0.45261601093355097,1.3907307917776983,-0.47111434532741325,0.14576230280811375,-0.6316954756172438,0.24776183485856604,0.7971844346434557,-0.13266995777724605,-0.30323876094183416,-0.12134318165761211,-0.1823965313328843,0.2924401342595282,0.25623548324722784,-0.2697304040783204,-0.12528762827603615,0.09796481626637912,0.1506224222976584,0.3185571562182989,-0.3587200118299808,555.9307186511207,30.448642305370484,-3.1093852059841143,0.8270827337634497,-5.124317166746572,0.7501707841947435,3.5660087675849637,-1.3864393609983903,-0.6669184365909978,0.7403796437840027,-0.3199531239178429,-0.31785023925198963,-0.5658234747756978,0.43193766816774076,0.9621448143126187,-0.427166992031245,-0.22767880433829696,-0.8084990312646197,0.585550840127185,0.9259472964044684,-0.3176706461841663,-0.0992765251510325,-0.20414286272040671,-0.29247376529111924,0.4020770623808693,0.2590252483887698,-0.12321850046853819,-0.2919587343459854,-0.08788514853001352,0.0646277487521469,0.522932318666002,-0.18264795385261207,1606.8408172597215,63.59874483791968,-8.454664260325481,6.258962857703987,-9.136009035331721,-2.4296325122118088,5.392098516020024,0.8356490297740565,-0.339892030036665,0.39913525333744604,-1.8043528848031622,-1.0088514949610636,0.4868417926217087,1.2988994586772322,1.0669806956018337,-0.025974778955595985,-0.7430813044756115,-1.7356859358759396,0.9426063397426683,2.9169918429530544,-0.8315696052249032,-0.36015125183922636,-0.626640686143345,-0.6985213332733474,0.8756218290843278,1.0736278617395625,-0.4617846332249115,-0.8776129521128687,-0.5835977739071712,0.2641474946461734,1.4362340700771865,-0.2536781429356138,611.2433721696725,33.66918024615426,-3.6420587502125574,1.1596345441637166,-5.118769778198362,0.16431255824431648,3.102352375630927,-0.6955880868716358,-0.42191714118418067,0.5995895352549412,-0.4926441539727414,-0.828170240620652,-0.2564467321029974,0.8278485524177125,0.8047379683715967,-0.34172622078301185,-0.4884626347742775,-0.9404836479285635,0.7788265035764408,1.0882768614596625,-0.4053442092431878,-0.06467698838525246,-0.284494306250672,-0.3733158600600076,0.5041847936879352,0.3089093722654237,-0.08402374843382925,-0.39654905885099373,-0.22143488230170583,0.05259436029309052,0.6782381600016023,-0.110582123768272,,,,0.9710940104982632,59.025411,36.204589,82.43999999999998,82.43999999999998,383.3307993496905,411.1969627840008,7.342802906857157
CKLGXLNGZOKZKG-UHFFFAOYSA-N__IXWMOQFWWWJYLE-UHFFFAOYSA-N,390.8173466077717,-1570.7553897257092,-68.54498116065504,-22.439362710367277,-65.4481412385712,338.3842141377414,1360.0185170091581,20.674064349762983,19.42883595727369,29.5656199349817,-52.43313247003027,2930.7739067348675,89.21904551041803,41.86819866764097,95.0137611735529,0.5359524274854982,-2.1540757374680024,-0.09400004724424449,-0.03077251053525718,-0.0897531557278334,0.4640475725145019,1.8650789990338439,0.028351645776274068,0.02664398570048349,0.040545195631170525,284.98461911280725,-1145.3972817374138,-49.98310724362144,-16.362818310534482,-47.72488673905889,246.75029708088493,991.7276252458762,15.075559990800336,14.167537503512518,21.55929620099731,0.09467905672620226,0.10577720970639404,39.84770415895227,0.0,513.5639637660258,215.6375969794872,0.7042825899069305,0.2957174100930695,12.8889105564872,7.359521696363676,0.7513244865974895,0.42900358691219964,412.9800000000001,2415.0,39.5496014541718,-5.504118281933559,1.644453740286292,-11.750280999060429,-3.4524916281850335,8.91837633386335,1.3895251122190175,-3.0496197825336266,0.5573673110535137,0.14855784027569552,-0.4440811283991561,-0.14288360823532878,1.0310804808083853,1.2587696333341856,0.5176491888979082,-0.6586803674945144,-2.93214204511582,1.2157840761351169,3.34741495559377,-1.5224561164143933,0.1426695457199701,-1.3614711293284625,-0.1619317538548795,1.7706342399885298,0.5353288055369702,-0.6396477463400247,0.13283875226689174,-0.6370095359218835,-0.1960782194055493,0.9552430335041266,-0.7825601415480863,1506.746920069354,24.388344454672986,-1.9609934372315987,-3.567711046707435,-9.015843843461402,1.475413651903126,9.613782191199697,-3.425999090157429,-4.2620780714402615,0.9804100351416144,1.050133623376051,2.546674393841539,-2.428180479472793,-1.185907941438979,2.089921501192593,0.24757546647622125,1.2834235517232304,-1.788357847844428,-0.10058419521218541,1.73887635044769,-0.4913886473774101,-0.36047555485399485,-1.0350168288793722,0.341463354712473,0.8695401837604622,0.0016727839351670449,-0.508623957417941,0.34763157111638776,-0.17925593725262765,-0.03820543681060444,0.021087437575585195,-0.9532104956973125,1140.1093969479628,27.489757258442538,-1.576949508546256,-1.8324961267689013,-7.39220228985088,0.7224119170731736,6.873128280424398,-2.2011048864783054,-2.6373474179661622,0.8439977907204086,0.8215196970874951,0.9616887384907166,-1.88784017118654,-0.045521303251164956,1.2686104154744713,-0.0533195959454644,0.22926109669291453,-1.5479007503360913,0.4022881568799747,1.7145833210439854,-0.7151114965982407,-0.12753472049316053,-0.7124808031774157,0.31154820527407723,0.7496230663200668,0.0914239182094419,-0.39615919891883467,0.1517922271977185,-0.2709995636735237,0.027920192254040785,0.16154464529894413,-0.5416483861497492,2681.735950961445,37.50845284243295,-5.855257078667975,1.2393563694703487,-12.732723639588492,-3.9242705986500805,10.41884766662035,1.154909573405854,-3.9923053268353175,0.7328527836791643,0.3593586231659875,0.07608485156966972,-0.4018442936951618,0.6567184060555078,1.6797159375010404,0.713288911323209,-0.31086293577649676,-2.971927021703936,0.9252887794762409,3.433799955784609,-1.3743972025543776,0.0473149028145853,-1.4866671223810035,-0.17927569884093156,1.8698507677562881,0.5504811640761201,-0.7904580065030761,0.28894393489393433,-0.5304124525058811,-0.28355818822101314,0.8995585763466992,-0.9222888133560723,1148.9673293421502,29.69748126036207,-2.02910563620946,-0.8294496910747352,-7.446374753999839,0.7620075237502577,5.817934542456881,-1.4523561305614814,-1.969719115500531,0.7563897311594983,0.7508173280907151,0.18160424825802932,-1.4713803235787828,0.3972647637732453,0.9106964466731398,-0.02168844902694691,-0.024225691020190676,-1.720460913563218,0.740093334222291,1.8599831797489013,-0.9184601365398323,-0.0562715522285778,-0.7126727999076554,0.2784099530595183,0.8004005194552538,0.12186649836497705,-0.3050960270470853,0.08069982938780935,-0.3973295973447009,0.01855634217225106,0.3301231768524809,-0.48421049214425294,,,,0.999095418670923,80.755032,41.544968,115.98000000000002,144.22000000000003,520.9123099496015,666.1371601880007,9.516245145542868
WMNRANXYAMQHGS-UHFFFAOYSA-N__JFZWMGUHSJWZJU-UHFFFAOYSA-N,361.12860257024676,-1236.0843603082508,-67.93579246884889,-25.226211434862257,-65.05707159517108,298.3692716161866,1021.2693971522011,22.433863570960916,20.842232594942885,34.042313238406706,-62.75933095406015,2257.353757460452,90.3696560398098,46.06844402980514,99.09938483357779,0.5475811472716884,-1.874281038180909,-0.10301138961616141,-0.03825063343226344,-0.09864637043057413,0.45241885272831167,1.5485560107559933,0.03401658208320334,0.03160318389297946,0.05161853369186644,238.1635457029951,-815.1950079383887,-44.80351071437655,-16.636632815069156,-42.90500041780992,196.7739003534296,673.524996393537,14.795085334837193,13.745408089664025,22.4508332131179,0.14500885848483733,0.14595248608110886,38.1587478179778,0.3237135699647807,472.7555717051594,186.74230248127384,0.7168416915495868,0.2831583084504131,14.910824767632192,7.702543200888624,0.9358313713725053,0.4834260799839195,291.23,1176.0,36.44889506001847,-6.01600656514124,5.16301623938204,-8.595132569503331,-1.240618578892667,2.4873992726495415,1.0931363258384952,-0.4911689092881786,-0.5610195763388871,0.45008075923364205,-0.47308367448059374,-0.5177568918660551,0.03262350768546314,1.5519577729171425,0.05682452685078384,-0.6818800288104627,-1.5303371487958315,0.33817237546877493,1.8590507029156604,-0.7788558416823814,-0.3337587432855294,-0.9806735680823641,-0.38454054408045674,1.179947483276585,0.5612683735959616,-0.4918599043981843,-0.12410724011383881,-0.4246171136718538,0.0279044139052003,0.9345322831127777,-0.668174127745832,729.5851283265052,31.05205312670125,-6.878201327451567,2.8051707302226987,-7.744301636798172,4.195451147022916,3.396922359299648,-1.2706058483378768,-2.661928194013499,0.8652941987746648,0.9820966001983666,1.5066483592931383,-1.755333666501391,-1.3423968057960896,1.824882994541281,0.01734570255906081,-0.19633028068275493,-0.9041391921998421,-0.17388969694346254,1.1838648321906924,-0.2566399361678175,-0.15926097743146947,-0.7325661540831306,-0.046101585353958495,1.1182410166926033,-0.08047181535563913,-0.5549742344356242,0.14799287926979282,0.17388396701397088,-0.07970728540528217,0.2724564689858353,-0.6130460450731826,519.6301194805357,21.977998738976332,-3.4026548729240615,1.2907065512867881,-5.582551951990965,1.7927233838452015,2.769534682615843,-0.933928172101609,-1.3185494568556277,0.400932279400023,0.487814074915934,0.6937713319138309,-1.1967596223500692,-0.48346546113464467,1.3929944317644511,-0.17233418582187762,-0.12260286547029146,-0.9410263440576508,0.12145970846431982,1.0199785150804583,-0.32181141500627986,-0.1744751731661174,-0.614703592262019,-0.03335065486337132,0.7925733973668435,0.1126468864288473,-0.4413945824089188,0.05090683562940038,0.008017741067073246,0.0707906668739015,0.2548068812288317,-0.4539291260119408,1334.3327703303062,39.35541976679468,-7.261539907718412,6.351212910971318,-9.531704182459057,-0.8882302853323201,2.8358943957810423,1.301880020671064,-1.0032551233065101,-0.3891141715193966,0.6037452738305579,-0.2598285438725728,-0.9471190845035367,-0.0026788706405129433,1.4914902577974314,0.1738356069653367,-0.5497912207769501,-1.6021435946655602,0.1661411555737057,1.8999639799824188,-0.6558411769486233,-0.28781050795245816,-1.090605983012944,-0.43832356634065506,1.3115028257514716,0.5896781678133115,-0.5327680804107336,-0.13093485506420321,-0.30808818470849675,0.01873808052858502,0.9605282666508218,-0.7972905300109138,518.5379489296486,22.189809328153054,-3.387914110340331,1.46410060670208,-5.210064086629131,1.2169255483239212,2.225493509749251,-0.5635701753993921,-0.8880153947531589,0.1307624516242444,0.5695644425128324,0.21057282091130625,-0.8529040489777259,-0.3395203201287632,1.5178143708740917,-0.2255930068551953,-0.36622397946257745,-0.8877937346461601,0.24411201396095464,1.0443691043005587,-0.4264724108636645,-0.17754047601308204,-0.6206833443819528,-0.060582336573965605,0.8230417544193313,0.08244249011650684,-0.4012057456077069,0.07387807136827487,-0.13410579393006025,0.035264527104974346,0.3240792280100557,-0.38321466976824925,,,,1.138327351787461,54.474274,33.505725999999996,110.13,118.50999999999999,376.5228966213334,466.0709367960004,9.511651771346948
SGBOXDCDSIEPLQ-UHFFFAOYSA-N__DBKPWFQVPZFOJN-UHFFFAOYSA-N,232.80169065476423,-561.6174648782968,-54.838716768263,-9.206843686529455,-29.558813940962988,475.15566270096565,1146.2791269175957,25.193552020332522,18.791461097009766,27.29236016470466,242.35397204620142,1707.8965917958926,80.03226878859552,27.99830478353922,56.85117410566765,0.32883575479692423,-0.7932927911776331,-0.07746048050539563,-0.013004799855371032,-0.04175225216724384,0.6711642452030758,1.6191358441072943,0.03558625657451633,0.02654321055913597,0.038550853431126055,164.81366877268624,-397.6012140335936,-38.82347278468396,-6.518052689075303,-20.92637968597861,336.38994539776354,811.5167368994978,17.835960409944512,13.303553063926195,19.321827069035663,0.16416282629728368,0.08770734490613956,217.43254501407174,119.1165166498375,511.56175597143897,196.39559738429094,0.7225883784476954,0.27741162155230464,17.76176793538016,9.112512088685737,0.9491626197603072,0.4869591742309463,313.03000000000014,1830.0,52.532089185373245,-14.005603183052147,10.327733688520846,-10.5190179577539,-3.2105955567849707,4.258695248095525,2.1209621930204374,1.4532525023956941,-0.3248600722680315,-1.1843781854737117,-3.1982876712375305,1.775791638285562,2.342633041354702,0.7211047459482006,0.8541831117946769,-2.101790155558307,-2.151706002338958,2.0565004887516087,2.411480074408135,-1.6513799343968913,0.20726185237999298,-1.2561301175800021,-0.3526869002640414,0.9744687976906717,0.9887683578682148,-0.3142335350659737,-0.22674792304268107,-1.152648888450653,-0.023397957844057758,1.4500767357811526,-0.3350873318196852,528.0718988847075,20.968770918574126,-4.865490780885517,-1.287636753440304,-4.010362394817769,1.5762411606933127,5.16134288469903,-2.6949209028789425,-1.0399786763671046,1.1148263018525475,1.0962862150732025,0.13951743443616282,-1.3992076638240842,0.1867317851060818,1.3419582953197458,-0.3476380715476293,-0.5718506321106156,-0.2546812143354858,0.5335449581702603,0.2947399342624205,-0.37693281295118364,-0.14635303024075294,0.052665233973675764,-0.017569769801396743,0.0386978682306776,0.26655469757034395,-0.3096661885669068,0.09897194050704401,-0.11052923010298749,0.054075259503766605,0.09729737186122513,-0.29278091331093753,604.4403589182303,23.772584427167992,-4.286962259047058,0.21560799254463248,-4.506965427296317,0.4644836222893341,3.9008004330719195,-1.2790229879307227,-0.407595222688805,0.7587844389056484,0.8601056972295782,-1.0277923666797337,-0.44449189771500996,0.8615940386423979,0.8337909093680463,-0.14067071703615616,-0.9468153254516103,-0.4319853935312452,0.9445288899992244,0.5003631663098784,-0.5729607127641859,0.09111893237294712,-0.28212544362896264,-0.12613197844959098,0.25182726637761826,0.42148415776149395,-0.2083760906615412,-0.07224190546136283,-0.32681961784684915,-0.007132979455997321,0.49000509453584723,-0.15693318272789591,1845.1612780875994,52.84709900659575,-14.691458586545876,10.034609208931588,-10.634736518914764,-3.142509362020289,4.896511939405059,1.806258880845511,1.1870398761121443,-0.36716320465543284,-0.6410068095468564,-3.103338757350292,1.2774947269006143,2.1214870336808116,0.968615663744172,0.7259278415920885,-1.9209188110755435,-2.0776586543533715,1.8088412633332531,2.2872660417294233,-1.492649740433074,0.027240332660600493,-1.1177859796385219,-0.3489935755926604,0.9307162384532097,0.9504357247775903,-0.42798557618296257,-0.10405967503393528,-1.026722656864235,-0.01430092038267744,1.2648886229450669,-0.38781523840348153,704.3547322038343,26.7293185497694,-4.491478613381688,1.4242414557438081,-5.054551974005677,-0.2080215051377065,3.463092159030027,-0.5118469533760879,-0.08764743484220973,0.5935559913580869,0.5439499923628531,-1.6018737676980144,0.13644325809148253,1.2155023573767243,0.6438106284317351,-0.005133616535222686,-1.2124645745613327,-0.6038201392969124,1.20403799929442,0.7213890585126852,-0.7273624303215511,0.19795970260589724,-0.49997723834845637,-0.18932779893913904,0.41409099325652043,0.5162705546331536,-0.17272504172562722,-0.16617321369762558,-0.492140919532558,-0.03670837817328092,0.7294019568014436,-0.11354232935092815,,,,0.9918010727077363,63.311169,38.558831,75.99000000000001,75.99000000000001,392.92807389741193,396.2312023760009,6.495593481573786
XBYHDVVCSZJOSH-UHFFFAOYSA-N__VQERPEDIWUNZRW-UHFFFAOYSA-N,291.558013099177,-1066.2144317875748,-46.54091971876519,-14.216192423834334,-36.766014889226724,436.09121174078575,1594.7657846590996,25.969814564139682,21.263543795454662,34.6688214056326,144.53319864160875,2660.9802164466746,72.51073428290488,35.479736219288995,71.43483629485932,0.40068483981866615,-1.4652862882140436,-0.06396065319660209,-0.019537150509520585,-0.050527113386691164,0.5993151601813341,2.191668361922393,0.03569001886843406,0.029222244825631905,0.04764496438961723,212.1519622274958,-775.8301048034099,-33.86546415669842,-10.344401397378803,-26.752762234600347,317.3214321827028,1160.4300870084885,18.896915436833808,15.472401160113181,25.22674102192366,0.1308244768535451,0.09406639805468126,52.06898069731187,0.0,590.6304439476912,137.01878089227156,0.8116966579296405,0.18830334207035973,12.644570304745443,7.461273386307566,0.6946933385325245,0.409922741027634,443.59000000000015,2775.0,28.68606142138562,-2.545485756309376,0.9444881371824425,-9.475248372381182,-5.485956285785765,6.624706925313511,1.2929733296657195,0.4374471816520481,-0.7183217706123715,-0.9527843965914773,-2.3158749281434647,0.5488748733306316,1.947433913545016,0.5626597826763188,0.6162325089145039,-1.5740444721755942,-3.196215677856295,1.2450805042108162,3.214511184553277,-1.510869987227001,0.3781062742139166,-2.0904414153878426,0.17608341969748767,2.1765412492749348,0.5514581699420241,-1.4431675429463608,-0.32645358447813283,-1.177882531403683,0.38545740025950453,2.104114678999179,-0.9934136891255128,1472.0515356830886,-6.083953092170732,-1.3120277446839002,-2.751480824130068,-6.92677762703671,3.5319512606424985,6.531953360159917,-3.8553566032032935,-2.149189985787527,-0.12302210169448444,2.2859944444337423,2.1846602725976676,-2.5438672119870005,-0.9813448750439027,1.6200710475792928,-0.8045200798455078,0.6577253652020624,-0.5170325475326033,-0.645948924863352,1.5285185246099524,-0.3105496953142915,-0.4009241256111164,-0.5985588807325808,0.900325400026423,0.6647830046100859,-0.452072210487217,-0.9319789678066835,0.037856824551803774,-0.4690834165952149,0.32097566545103795,0.4246764692815678,-1.0526948619185907,1171.364588706287,17.764586024645993,-0.2315812051680233,-2.376835642271097,-5.851403678665312,0.5587471017696058,5.063338268810292,-2.0895445690960126,-1.09080533231032,0.32861042006975977,1.0263134797302567,0.5118706317939413,-1.434187882216324,-0.06820638908097071,1.347242469289458,-0.36784491703729805,-0.17919552318600537,-1.198216198818756,0.15390989627034365,1.6136179788389604,-0.5404231951847702,-0.08556340966970245,-0.6539279603892494,0.1680704475848474,1.054595338408385,-0.09055441848853879,-0.7842944740556584,-0.09337149886729874,-0.2028252197037948,0.26777063711638865,0.6994939052215331,-0.7687933342354621,2873.949033063522,26.028132899483722,-3.8427731026346814,1.566090914036255,-10.404749957339416,-5.078504362467238,7.063440935851155,0.788827095730322,-0.02932405160929503,-0.6513793049515925,-0.8559283005484183,-1.7834389674734494,0.040143513091417234,1.8445846957980576,0.7090860234266694,0.5478191043752756,-1.4579465544677312,-3.1475598676469065,1.0599918865778128,3.111379246240835,-1.2831608891280077,0.2071762775446674,-1.9386349008651198,0.3408953710951761,2.1027511546595488,0.4457759087341974,-1.6159983647697507,-0.23088166607566946,-1.0919876680892049,0.45757833848197554,1.8890354869840944,-1.0217781753558075,1334.4501643082467,18.1800116974794,0.31276307079137555,-2.1057786149352395,-5.717979396861597,-0.31169682651782216,4.755838636929049,-1.1874254936299282,-0.5929465220050619,-0.13337402301159895,1.06032843779991,-0.3460785497291056,-0.8584093366962897,0.2959183872292317,1.1787559021652039,-0.23731185179237407,-0.36924596256223596,-1.4113517761603576,0.3966484442934191,1.8135403044058174,-0.6934516965975837,0.06226304730063227,-0.9519579838404186,0.08015608132895885,1.2507062689963089,0.1098976428681848,-0.7928872707710414,-0.22331734087526497,-0.4200262301794607,0.22455223584934428,1.055846342266156,-0.7402954851093554,,,,1.1169142844254067,86.99516899999999,49.172830999999995,110.21000000000002,118.59000000000002,549.9936686639766,661.1145137160008,8.814860182880011
KGOZTRWYXDCQSU-UHFFFAOYSA-N__QHAVKKKWGZSKGJ-UHFFFAOYSA-N,,,,,,,,,,,,,,,,,,,,,,,,,,,,,,,,,,,,,,,,,,,,,,,,,,,,,,,,,,,,,,,,,,,,,,,,,,,,,,,,,,,,,,,,,,,,,,,,,,,,,,,,,,,,,,,,,,,,,,,,,,,,,,,,,,,,,,,,,,,,,,,,,,,,,,,,,,,,,,,,,,,,,,,,,,,,,,,,,,,,,,,,,,,,,,,,,,,,,,,,,,,,,,,,,,,,,,,,,,,
TVKPTWJPKVSGJB-XHCIOXAKSA-N__PKAYNGLDWKZQNO-UHFFFAOYSA-N,286.02314557506264,-1111.8722390617281,-60.60736297578683,-11.345635092466612,-33.69309815338569,584.0687311322057,2270.4799170858696,32.877871142736204,23.16816241924357,34.93046026285953,298.04558555714306,3382.3521561475977,93.48523411852304,34.51379751171018,68.62355841624523,0.328727520888339,-1.2778791169381343,-0.06965627952434893,-0.013039582825899327,-0.038723609604185874,0.671272479111661,2.609471456828397,0.037786666009522525,0.026627259763555074,0.040145714720436876,248.8664155151225,-967.4310031439317,-52.733974193880975,-9.871744930040117,-29.316091004361557,508.1934583968538,1975.5261320834074,28.606768604723086,20.158429919218445,30.392709724360117,0.11087954286419605,0.08619721164505467,182.98211889215733,109.62489252925008,639.6824432240002,230.4094334832683,0.7351895361266697,0.26481046387333035,15.01489921591185,8.677571526766478,0.7303112016533098,0.4220692791883324,496.22000000000025,4753.0,61.76192062265193,-17.63475161933562,21.314516665287517,-16.530239392557846,-4.69407928073676,7.965660140749344,1.1447721878738064,2.0075156715618756,0.25470110469081614,-0.24795035164859192,-4.297205328602424,0.8661099524631297,5.195845944264951,0.3381900335097572,1.6804536032860418,-3.8886224059604797,-3.1875927611781303,3.5035566526277377,2.9543106334146323,-3.278095672103909,1.1653928501255855,-2.2946123754786862,-0.6037866737742339,0.4910675972280183,1.0251892757941157,0.32140834616354713,-1.3115092528137045,-2.5947904426950257,0.570205419337691,2.8771282343160984,-0.8139626622913627,1499.4747236567082,41.49137711874383,-7.721874686737825,1.6629736455118247,-9.754647571800094,5.399146005540743,5.314056305030792,-5.299886930664866,-2.098179137942636,2.8494044324072934,1.262980475007631,0.539067391025311,-2.7831937745559676,1.947755860799148,1.0051056730012424,-0.32028858912266495,-0.7357770252400918,-0.6290612108416471,1.2882158407227993,0.5267666179359202,-1.1645685124717378,0.8945033991784475,0.11266388833160906,-0.13572799308056083,-0.4754465165269716,0.34502398364537895,0.3356310562713764,-0.31621331245598405,-0.42682747036792834,-0.011607270998741568,0.8351957973224855,-0.3250041441513093,1714.1562708476513,41.26718677901456,-6.759033117035635,3.8086164837813383,-9.317708936348287,2.9928482795952625,4.842180762109836,-3.373575127395532,-0.8368377498595232,1.8430242141237534,1.3190744188870847,-1.4247190151272955,-1.62077515177824,2.953076163619041,0.5745465765408558,0.014903726120781103,-1.453643179367146,-0.8895267774101672,1.9654421931103956,0.45891563116198586,-1.1544317582526178,0.7924740769669677,-0.4489684172744561,-0.23039036340848518,-0.28319593687362926,0.5753830196781236,0.37991509429730497,-0.6224667632999071,-0.854310385031569,0.04772820875375537,1.251672379075272,-0.34556729624345595,4765.075638325018,64.25518371555427,-17.416950416078006,21.288361808870206,-17.363374221196537,-4.533764720352695,8.48510043185972,0.48701302496114296,1.5479273422772521,0.5002797947213808,0.06727282518190919,-3.854098402907029,0.426957221119693,4.767448898148042,0.5902378131663649,1.4876970119980546,-3.6126831878932677,-3.067910616552989,3.16039154923321,2.9804315122523803,-3.1552891042670885,1.2478965681044503,-2.070285252823493,-0.6704310285347955,0.40965477356567953,0.9221549180190889,0.24082501088132338,-1.116163494164423,-2.4133943485097697,0.543645741434434,2.753896198661482,-0.8632725112769573,1980.0037004159428,42.61130621439148,-7.284936626051495,5.5402413477622545,-9.621136080828194,1.6855340474164204,4.850878611715644,-2.2025723677762286,-0.24300169914649483,1.387979661375181,1.2131488966915027,-2.4024880167448828,-0.9450778417820451,3.504411502854393,0.3729833706912815,0.2533981392878887,-1.9355603877524754,-1.1673381060918193,2.3887983672612316,0.6306136834288041,-1.3161486421837614,0.7784196410527768,-0.8273677442265657,-0.2690233966115178,-0.10801933101789284,0.6884796817457933,0.40550311664691296,-0.8144311138403533,-1.1475919404156987,0.09054867442885463,1.5361207751738073,-0.35744471418322155,,,,1.4505495932998915,105.74065,56.455349999999996,131.44,131.44,622.588906674011,663.3571311600015,6.768950317959199
PZSJOBKRSVRODF-UHFFFAOYSA-N__YKISCWWSVPXULF-UHFFFAOYSA-N,225.98680037798437,-702.768866371357,-45.911637520368316,-12.777615752206492,-41.33934508066806,463.06350541900406,1440.0248785192468,27.11079001140453,26.182270518531762,37.89539153998018,237.0767050410197,2142.793744890604,73.02242753177285,38.95988627073825,79.23473662064825,0.3279685074903164,-1.019909374481013,-0.06663031295990028,-0.01854380680874569,-0.05999466908711841,0.6720314925096839,2.0898690072470774,0.039345153442819976,0.037997618313583226,0.05499655282229151,155.71627390653308,-484.24310227778636,-31.635427873050265,-8.804420041414298,-28.48488836928155,319.07405001239005,992.2495828989579,18.680698147756225,18.040901507253782,26.111831128919945,0.15847362101043475,0.10018688981846285,37.03273366245695,0.0,539.1209473382679,149.92935845872043,0.7824115928875397,0.2175884071124604,15.039281392897687,8.518497241767623,0.7654852688285868,0.43358349250712935,311.49000000000007,1485.0,44.69259354420416,-6.768776721477474,5.675897186182793,-8.915039089401716,-3.7450059209751205,3.3090677214114064,1.484344891582474,1.0647990437700936,-0.617836073796756,-1.1065642351551683,-1.1166918823083916,0.47332394291732494,1.0436497886103633,1.0002368621804811,0.4559245547811861,-1.0945627425625892,-1.4711222697311903,1.4965828342715772,2.5250004821226857,-1.269682871980581,0.07038270313405148,-1.110105001072034,-0.4530483323874861,1.1721342681518294,0.7990097681450375,-0.13884726386889273,-0.8735003362117317,-0.5272935484072936,0.12549592233313062,1.2639175922312957,-0.5264599296069438,580.2027208345174,24.3649740021245,-4.604459443917889,0.9957019156671704,-6.593839192555625,1.8605944677260913,3.9189893376838354,-1.8618734449961134,-1.700878207161223,1.2917860219318287,0.17186811114096387,1.3740735807126763,-1.0085912473250829,-0.8060278314263958,1.3169517482557254,0.000935961620315652,0.07560110722808468,-0.2918168421577396,-0.10564562302792928,0.9689171245385447,-0.5507219894005839,-0.04966573967318869,-0.3587716891708103,-0.06869465989231466,0.747539219932699,-0.3119299042055154,-0.03538717064269948,-0.11857259655830317,0.17696483638682492,0.27236728052498194,0.11442160620554555,-0.4720044757294501,582.3195931541057,23.317439990154636,-3.1242691129456355,0.7203822486829798,-5.587783911770086,0.27850229023624845,3.116690901105064,-1.1147739403769472,-0.7337842460343895,0.7512528076052547,0.3286193733939827,0.2167159659923677,-0.6349356037436165,0.03604852071027488,1.0860984581278699,0.024869642426761037,-0.2380497441279274,-0.5358516243809363,0.38429714496800166,1.0212610843602294,-0.47453761057176763,-0.0589268354194444,-0.4476749467086689,-0.1798166770951131,0.695205156776627,-0.020583383421638037,-0.09204310527558836,-0.23716510629350512,0.029560939152304417,0.12234376865462149,0.41352171870047494,-0.41289215432718207,1543.233623269283,45.306289744284996,-7.888448842675993,6.378967511027207,-9.57957113582959,-3.479859597173069,3.7512330429213807,1.4660501506757508,0.5786266818181044,-0.5644392450483955,-0.9567920704737217,-0.7819906227620992,0.3051361152792942,0.8071374988554052,1.1925451747949578,0.3777540697580017,-0.961630369663859,-1.2964088036389463,1.2228229852022963,2.579294614058373,-1.2883164687565078,0.053687519900017945,-1.0761815614392038,-0.40895488122341095,1.2331310631880323,0.7048522996394775,-0.11509950167369754,-0.8293721248353365,-0.43305200366784374,0.21115592097240518,1.1425046786414712,-0.5892722771765654,634.0655423302021,24.827147674838475,-2.6905532595167623,0.8843995412361746,-5.4396908253441385,-0.5135031612266825,2.845573408562658,-0.6267397548861857,-0.2575726195200075,0.5276245455146201,0.22679265320987693,-0.33966524289098027,-0.38475584421057585,0.3977244663631021,0.9810995952092283,0.09883854620516228,-0.4580003127930765,-0.6990804842572632,0.6707575666960979,1.1258564249773182,-0.4950528741578774,-0.04494288408903978,-0.5608792362663374,-0.2423692084670387,0.7291090215085431,0.14889982167617669,-0.11846042972901344,-0.3335025129401396,-0.08431504803425602,0.05927068534054712,0.6049756267509625,-0.37672764508783463,,,,1.206873742066266,60.123825,34.032174999999995,112.02000000000002,112.02000000000002,391.35543470559617,415.1631021400006,7.548420038909102
YXSZYYZZBLCEHB-WGTSGOJVSA-N__AKFZUSGKLQDLEJ-UHFFFAOYSA-N,275.51177159053265,-971.8777519865276,-48.95895018508475,-14.951965415177348,-51.15146063086986,447.7846719081263,1579.5766467462581,25.912286789923755,24.301179180711664,34.33862275535344,172.27290031759367,2551.4543987327856,74.87123697500851,39.25314459588901,85.4900833862233,0.3809112765132011,-1.3436783226604232,-0.06768863669267514,-0.02067197419477574,-0.07071991171896963,0.6190887234867989,2.1838578924924392,0.035825265038748666,0.03359781373065292,0.0474751715759226,199.2766845334471,-702.9557215273272,-35.41183454629981,-10.814703408112726,-36.997669554069844,323.8810606443616,1142.502170825106,18.742264878069133,17.5769564742324,24.837003713589265,0.13890048289441653,0.06250170149008001,35.91351581754945,0.0,573.7886742371782,149.5077692614808,0.7932966896141554,0.20670331038584458,15.140748971381642,7.884510652937953,0.9203156210766035,0.47925227029119244,361.3900000000001,2080.0,39.93160469311413,-6.2464457507880935,5.418359834949244,-10.801046661390922,-1.7526274675976978,2.931241530690692,0.7301619869725088,1.768047706104748,-0.8068363650419812,0.29445556221915137,-2.282015456716151,0.4162174153121651,1.1435932935084359,1.506664122011348,-0.530184057300494,-1.297651969166513,-2.6650832126795665,1.2224739528347004,4.3073002273038945,-1.347012053794082,-0.6826077624191583,-1.3336570676539403,-0.4167950959334773,1.4946947980999092,1.2681211521338802,-0.7493393103319369,-0.6129122705501097,-0.6268007913217837,0.3058622493313281,0.9787759004626524,-0.4374766644012323,886.6403272055599,22.701118551599723,-7.428887157420963,0.20617549974831537,-7.646293981498416,3.210426953908539,4.052427020369385,-4.214104796316858,-1.8748487499316815,1.0647238456832258,0.315093802325987,1.2750394380864607,-1.7573595065115224,-1.4782465171240267,2.851777938327708,-0.6649802907936947,0.6022733571618518,-0.8661398024949095,-0.8039032203110552,2.114273619351905,-0.38196950266454555,-0.6379961343043253,-0.41090613477450116,0.15746815036357623,1.1478735943698808,-0.02633128775311578,-0.948828768774348,0.5445968585443588,0.21713576688555578,0.3687052987014375,0.04571708707331292,-0.7850176998742904,807.0502245416676,22.110963263294657,-3.378250756461927,0.9531817110361607,-6.591958460169655,1.8012137909828818,3.3902917786803295,-1.926363465371024,-1.128165428501457,0.7697274455502986,0.23245398508553636,0.01698721061656543,-0.8637734307200756,-0.3238479086773325,1.8616489621459307,-0.6031004907169437,-0.035456323567726836,-0.9791543365103528,-0.03655217190096794,1.9295345561339583,-0.5077296868203484,-0.33116234393829297,-0.5923398851451368,-0.03190602799471622,1.0083853518198145,0.16905315374893465,-0.7038862281612015,0.0867909369381996,-0.10529139102710353,0.20728512273362074,0.262618248447713,-0.5050349630221147,2188.6353345049597,43.0720884558225,-9.225664265715428,6.046565344608078,-11.64868860131325,-1.8958473689199946,3.565782969220138,0.02942917874261471,1.4126589896297361,-0.7167075731423427,0.7383528191943906,-2.1055130980434225,-0.14037512854568784,0.7851602280966368,2.0071754799045345,-0.8386774398217043,-0.9619769987194356,-2.5725373574390464,0.8165200356094278,4.455019070857636,-1.2393982969193855,-0.8789237822061845,-1.296404957816335,-0.269043547944852,1.565457579439491,1.2738160949988264,-0.9493203145924047,-0.410464182255336,-0.4555544111332506,0.36389765198030843,0.8117233773489481,-0.4726590027936123,884.6684535047204,21.4445564315293,-2.1849043939928676,1.3259656028803963,-6.581982281912147,1.3468823232634837,2.7828948122228323,-0.9908501524489839,-0.6136690371851495,0.42921483259288046,0.08472503156712347,-0.6217921005213576,-0.3503803092794476,0.2528354417039795,1.4284753124078557,-0.4692648562073124,-0.3492696852681991,-1.0986021721559531,0.2807055696597283,2.0794991330174755,-0.6024668620112948,-0.21354048591031383,-0.7479019578242742,-0.1622665677082131,1.0449500287757159,0.31177314980711024,-0.5725506652173614,-0.0908311058875532,-0.25979309938015416,0.17374994767351443,0.46652625209135157,-0.4144440665542884,,,,1.3461956213016049,70.90679,43.003209999999996,92.68000000000002,92.68000000000002,455.2319426623945,512.1613238200008,7.879404981846166
JTENOSOCIALYPN-UHFFFAOYSA-N__XPXZXSFDTOZFQQ-UHFFFAOYSA-N,184.61372104943348,-363.6171610262155,-33.82486225116238,-6.992637712042604,-19.137745317169234,386.4119140909978,761.0810420253193,20.93877645129423,14.636173885102293,23.063061879555132,201.79819304156433,1124.6982030515348,54.76363870245661,21.628811597144896,42.20080719672437,0.3233019845142886,-0.6367790492221805,-0.059235278014872134,-0.01224575094658039,-0.03351468680116739,0.6766980154857116,1.3328316544635483,0.036668715312833194,0.025631377970452847,0.04038883801404692,105.41916731789114,-207.63472032295513,-19.314863450507595,-3.992975390826059,-10.928143174892375,220.65110866964176,434.5967854158492,11.956578122163792,8.357630488766329,13.169599558056035,0.1932068542703422,0.10742616321074164,155.1308705754481,107.5491077857316,467.7681080185356,103.25752712189568,0.8191718186233414,0.1808281813766588,13.481253048684856,7.456416959511185,0.8080068646762797,0.44690475487821324,275.9600000000001,1326.0,36.4385153515596,-10.64854365047894,6.161745649349602,-7.458759717128432,-4.791368139869743,5.16344055674219,1.7203700329343343,1.5263394965634272,-1.1466465499477116,0.5778423605663375,-2.9825158812072736,1.1885233520494993,2.4051581627313334,-0.04842276069878986,0.9136954231622917,-1.571982144211696,-2.38003041708525,1.6506080016381899,2.2194455597314113,-1.8824826739985074,1.416863439859178,-1.5351565858274918,-0.6049764374443575,1.1897631394432453,0.49873443411624996,0.001695600984162061,-0.8189169553834402,-0.8246096902859744,-0.35810518659703267,1.6607093225061251,0.08945248832035313,390.18113425444153,15.901299157976753,-3.3366834118663937,-1.3729415220770322,-3.7823190491992533,0.878455989460169,4.1116810495147815,-2.1723554445452473,-0.7916217498909923,0.3054538585211642,1.0503211463911228,-0.12498401553041132,-0.7093695799406255,0.29417991676079636,0.607015859415365,0.07337004955870063,-0.007108890593756841,-0.6186295754562602,0.5535025622512979,0.04292143393752881,-0.2641954002295766,0.3261345589366591,-0.1990910262375237,-0.34304073983245875,0.14445308331327883,0.20582167472597498,0.12433030333650492,-0.23146412046769885,-0.16863869879353227,0.030842241869403573,0.4028758253144894,-0.3106252084510128,468.6997324398635,19.06694985367201,-3.6141640334845726,-0.23672845733436038,-3.964105250970986,-0.002612501232069804,3.371196651148031,-1.1047727326364214,-0.37650855892236423,0.015598081416479911,0.9384030839150218,-0.9250411713175926,-0.2904054745906972,0.8509379326020025,0.46712562250176576,0.07265347717929378,-0.47598975301336377,-0.7436060443868766,0.8324852911199216,0.38428570840254994,-0.5090256127978232,0.48350106972647966,-0.416862037645508,-0.35514054826374675,0.2895898850602761,0.2972414518501752,0.06337183828295095,-0.3466280140046654,-0.2242546682736616,-0.1316830197225023,0.700364457658533,-0.18930905211656243,1307.3389969598893,36.01066670713189,-10.397422527618755,5.587288149367132,-7.401426538379172,-4.847994514133606,5.406614908915587,1.5332063356385581,1.1801131821850575,-1.0741127403935626,0.8383126886604367,-2.9408851684243746,1.0724477461966042,2.219415926043707,0.05340901741349275,0.8967171837419553,-1.3774085528756626,-2.301754584951032,1.5307593039101164,2.089848968037605,-1.7326449837535558,1.3039226774412567,-1.4078142909342188,-0.6917739239025837,1.188709721125139,0.43609449315345294,-0.04686446371766462,-0.748168315449457,-0.7714326745658514,-0.35138708194144086,1.5892770672298422,0.02342785942789767,555.3848429653262,21.695535165277928,-4.141246330697424,0.5745986275464771,-4.329867677678244,-0.6799401891412994,3.3193395654817626,-0.5025338075232015,-0.11093040846034646,-0.19148667138155206,0.8620024649471708,-1.3787738255564785,0.013381892991684128,1.1484568470609129,0.36161332637928756,0.15425555190577037,-0.7516605118526818,-0.915187538892437,0.9987773988077048,0.6437844294521379,-0.6989300419291999,0.6181571372890312,-0.6144925174462925,-0.38375859073026636,0.4272599855510392,0.36515591496098215,0.04451608705038907,-0.4260474815639146,-0.31364081251229564,-0.1977768631854015,0.8974387573618622,-0.12409753434763887,,,,0.9778098795751275,56.307410999999995,30.804588999999996,68.00999999999999,68.00999999999999,330.35876859135226,341.21032710400084,6.561737059692324
NSOHCCALKVQSQB-UHFFFAOYSA-N__WGWWPFRZZGZVCZ-OWOJBTEDSA-N,426.3106771730567,-1472.939160360415,-77.92073195213261,-30.059982864498263,-70.13996001716262,261.2644566744642,902.6906198971146,25.385693050840686,18.422257548920708,32.238950710611235,-165.0462204985925,2375.6297802575295,103.3064250029733,48.48224041341897,102.37891072777386,0.6200204983963205,-2.142222846422859,-0.1133268614821847,-0.043718833600466515,-0.10201061173442189,0.37997950160367944,1.3128610612281078,0.0369206095467529,0.026793082882206283,0.04688789504386099,293.1206209178918,-1012.7563403340674,-53.57635770148438,-20.66849674151158,-48.22649239686036,179.6389437675446,620.6676237986602,17.454571297243866,12.666686199972661,22.16670084995215,0.11146214196086594,0.13576436943757,287.1417707149504,4.8206601636866635,462.40223064722994,225.17290320029105,0.672511566931933,0.32748843306806696,17.23073052481129,9.343155004118588,0.8442089976261501,0.45776210760971703,307.39,1176.0,33.964226754244265,-7.183300941234777,2.75039285220661,-6.48719696446569,-2.837603670264413,5.07080369283605,-0.2660169585099772,0.2995792123498625,-0.2580671802195211,0.8192703356051444,-1.840548254171595,-0.4549330795066057,0.39624626916835454,1.1958623878007455,-0.15161666090900913,0.17008922913615915,-1.4975157173369238,-0.28167953917741456,1.2690334903113476,-0.5703422977747754,0.1271841405490717,-0.8655258248636094,-0.544265513235463,1.1525148953598137,0.533399484532684,-0.4911995181606086,0.14380049700458197,-0.38505493634983423,0.15904831671594236,0.7964571969441967,-0.7922479034109178,827.2097662042765,35.0658962099755,-7.591917574037197,-0.03109055987987773,-6.50039035096385,4.4666629355833045,4.54891130595615,-3.8282388598769983,-0.6505734194548038,1.0555422759534723,1.2272377404489252,-0.07706984373687356,-1.0174881559238766,-0.5233593312827802,1.3376175626160411,-0.376809161901731,0.8855473996753039,-0.7418453574793585,-0.5960769643851781,0.6995388293302452,-0.5369608038848812,0.10059407528618626,-0.42269116405922574,-0.4182856107689415,0.7699781939368303,0.2514913163560795,-0.47806997543960217,0.2999375190759935,-0.07586583444982607,0.5303938593120658,0.21252370571325704,-0.742833742171525,541.9523224561262,23.596611646255315,-3.55214648082814,-0.16821060672179677,-4.464458086363563,1.1194543008746967,3.6809234864093416,-1.7639537411934842,-0.4853111795526851,0.3678799249078542,0.7170331676439852,-0.19989619236464654,-0.7841194270506159,-0.32477183733380977,1.0981805203440236,-0.17006448837431334,0.2257529744964465,-0.6991490375431217,-0.21799359806298998,0.6279057770166672,-0.36704676154522975,-0.05389777087965291,-0.3645252314038598,-0.16181872104187967,0.578425099466937,0.16034695634215368,-0.27817908983066814,0.039500714072186506,-0.13977371180475542,0.2026907893500777,0.2429279348342358,-0.4847106979614338,1335.9244509261703,37.74359974211272,-9.49884943936461,4.206309232729663,-7.628650225449575,-2.620411221034474,5.758971807863441,-0.6378011591051175,0.3926168611727226,-0.18152158039347754,1.116866242867955,-1.7033063550091512,-0.7018505678610546,0.38093212171076185,1.257533179681892,-0.18126054367654373,0.6046333582813711,-1.7715447642928934,-0.4389673716602915,1.3200708790916593,-0.6041264522856051,0.24805768129488595,-0.9350820211129043,-0.5856944362934337,1.2167378134719946,0.5685213066779445,-0.567798027592815,0.2900933395535408,-0.3695687223137902,0.27377452565087024,0.7952137655781867,-0.8877368647511042,561.2014668200594,23.57730801494767,-2.9622336152918716,-0.5021256836396909,-3.913020334579081,0.5483827006408936,3.176972883004927,-1.4635212450728678,-0.24496720541830813,0.25050927869938056,0.7504280225699578,-0.9115566192478329,-0.5730096551201057,-0.07755306188795139,1.0075263403747514,-0.11109660087834895,-0.02330195089323007,-0.6916250661863336,-0.050778987040739104,0.5924420233350323,-0.38654995320380614,-0.11222341152203452,-0.4036854339523917,-0.17200254447792215,0.574611313845457,0.19838584471323412,-0.29967493824207914,0.015111534212048056,-0.15751677575513837,0.14339368335265146,0.29640931546207183,-0.48928030796664024,,,,0.8267584760517755,56.690481,34.495519,150.07,159.88,389.0457121951432,496.04139985400053,10.12329387457144
YKISCWWSVPXULF-UHFFFAOYSA-N__PZSJOBKRSVRODF-UHFFFAOYSA-N,182.13076280402674,-568.8181881835287,-40.78761420088395,-10.342148876064158,-31.601010454640473,416.3220885423652,1300.2283220010493,25.32116969676347,23.640514945473623,35.14130600002835,234.19132573833843,1869.046510184578,66.10878389764741,33.982663821537784,66.74231645466882,0.30433602646268815,-0.9504812065040852,-0.06815510045464812,-0.017281476481892457,-0.05280451147244916,0.6956639735373116,2.1726495563949793,0.04231105197309396,0.03950271920718144,0.058720258280945375,108.99667431796321,-340.4108666161214,-24.409464018135594,-6.189288483929479,-18.911714812006736,249.14914096666354,778.1253467028628,15.153526204453955,14.147733576415687,21.030414775753044,0.15780011164039295,0.1012118483094878,39.315981921810724,0.0,466.5225513396395,131.93030000675242,0.7795477125559058,0.2204522874440939,11.794565455833789,6.3871352067321485,0.8466127730319718,0.4584679502903632,311.49000000000007,1485.0,20.015520211546797,-1.5345757462063827,2.4593946449815567,-8.396786272285244,-5.490985532155996,4.420077313609752,1.4187075630043355,0.9303795096735336,-0.7616250505763679,-0.5529222423410072,-2.291564782843913,0.10335183819275147,1.443298289584499,0.45562470898291574,0.10846249502889757,-0.9067810433410984,-1.8554292084172919,0.8853016917408382,2.8134602984761043,-1.0924342368589737,0.02970645826449545,-0.9011131342983705,-0.7073671277478473,1.316441349609597,0.37702740616203134,-0.512309474999305,-0.8201472547530165,-0.4674567861166481,0.04699276084175126,1.3848360840415028,-0.657502626889721,580.2027208345174,16.431995911866377,3.10454184250577,-1.317145987318112,-5.843713556081212,0.34805175221349904,4.57823763585564,-2.438167807698351,-1.489706796369777,0.8818153923692083,0.08062971779140064,1.110518821559654,-1.2136062870495077,-0.7386994227384133,1.4186507167357576,-0.3326895708982437,0.022306091380236506,-0.37387627092296377,-0.22080440454414044,0.987332289223649,-0.49681216880575113,-0.03497344106652235,-0.03943291761617817,-0.17171375963255509,0.5477088233083146,-0.25289037558302263,-0.2109516594269837,-0.08329717116170271,0.25135862496966926,0.1876312433893098,0.16359254553142116,-0.4958540385105474,582.3195931541057,14.583505685491597,1.9624800600022687,-0.8531482166124643,-5.082806608074089,-0.5187003483471677,3.373774087968167,-1.3009010112369341,-0.7384433110907458,0.445993274993592,0.25621753430863015,0.016615546321834627,-0.8332598684083613,0.03593009407927536,0.9961874148758012,-0.19205289345639423,-0.3022780608733246,-0.6707036956430467,0.2138148739841366,1.0352700316879502,-0.4678494503152859,0.022665681977374494,-0.28262687173445256,-0.2730938367140762,0.6233184474501672,-0.0041542958627796035,-0.3000499756496756,-0.20181059910392024,0.04122453191978972,0.047126514493962435,0.4710813198522929,-0.4478974586517018,1543.233623269283,20.718258911367435,-1.2099203359082473,3.0556018167425485,-8.958242162892919,-5.684116462415225,5.051181852874723,1.219579229941937,0.5654551787336691,-0.7286190231924365,-0.38982555287491066,-2.001789407324362,-0.08552078836394318,1.246856851525107,0.6520895656145717,0.025428577806307452,-0.7313172859997318,-1.714090563654608,0.6488431514368771,2.854777037151186,-1.0983850349741395,-0.05986539809256516,-0.812539609469773,-0.6900123908231564,1.3254348214893403,0.2713387447847348,-0.5001165739120543,-0.7957505565123344,-0.291384801804983,0.11210823917785238,1.2634348859901257,-0.6715747294376844,634.0655423302021,14.379072215988375,1.385839706799648,-0.5381762146590447,-5.009834724902686,-1.15475108192774,2.9879754237248135,-0.6802996538515466,-0.3930370914742563,0.27446357748109285,0.21939418306319194,-0.5983491516221071,-0.5743416212551783,0.396290558455169,0.7965990981973221,-0.12198737295473966,-0.5036905545848512,-0.8641079090493132,0.4483155782994605,1.1823721701371732,-0.4924126804758402,0.058106134195399776,-0.43903085550287807,-0.34081894563592446,0.7184887340731401,0.1077581168996355,-0.3313328844708118,-0.2990937850341971,-0.09820305418105064,-0.009521582120581027,0.6603691627760805,-0.4293533904561833,,,,1.2778149832588666,60.123825,34.032174999999995,112.02,112.02,391.35543470559617,415.1631021400006,7.548420038909102
SDZNYCYRXBDQDS-UHFFFAOYSA-N__LQZXHFMTDGYPGP-UHFFFAOYSA-N,445.7456194755667,-1553.881225875533,-51.09923629135972,-19.6693826060194,-45.7023889963392,426.1573630267833,1485.5960367149282,26.030326440756156,18.805013122973776,33.01324526033174,-19.588256448783397,3039.477262590461,77.12956273211589,38.47439572899317,78.71563425667094,0.5112330481956636,-1.7821721648616393,-0.05860656210247796,-0.022559141327362517,-0.05241682837828351,0.4887669518043365,1.7038547482098152,0.029854613372292255,0.021567781622909052,0.037863438849107006,388.6469350581042,-1354.8336752952848,-44.55357652602886,-17.14979335816816,-39.84804927339073,371.567875838389,1295.2956152054164,22.69591925920507,16.396147027916665,28.784347004564815,0.13088072951635507,0.06854201549832853,0.0,15.854164767903072,728.1843223854793,143.7186601168705,0.8351666836780395,0.16483331632196033,17.557657860903163,9.092262662531015,0.9310548443851967,0.48214831758526416,487.47000000000014,3081.0,35.96073216026659,-6.264285862046605,4.148539890593751,-13.053944850045104,-7.617787921451617,11.580435707929428,-1.6562090707799446,-0.038222764769032504,0.6238420771500373,1.6060564779597564,-0.35033240000575994,-0.29349566255411047,0.48473969182865656,2.916388325396613,-0.10391685536481259,-0.8109563691613071,-2.655996453360315,0.8889931438924673,3.133350582664461,-2.1365638645043763,0.3209415691208228,-2.5224705009808597,-0.354000532931069,2.388893447831437,0.6088414165556714,-1.1557206709778938,-0.09214537196309833,-0.13729737056169067,-0.26147641229186874,1.3274717726917844,-0.9120811325934001,1845.5696108356492,30.20300331716503,-2.7444834646206435,1.9685192106804814,-10.094474234909187,4.93849158244058,8.45231240414894,-4.982280765186937,-3.3329645373339227,1.2169869417926575,0.29928213099229534,3.836018925279918,-2.9631240456270382,-2.290183554167545,4.675346693603911,-1.676857603623656,1.0427645955157776,-1.4079259163038595,-0.35229562950283266,2.0595500253126753,-0.541104948379247,-0.600656091413404,-0.590157493697655,0.43257303655933577,1.3098109816746222,0.08337825019114839,-1.028851100765824,0.4692209135786296,-0.16630377569705546,0.7742525107212676,-0.1879678531987515,-0.9567019502324067,1577.47340476421,30.14866394100598,-3.705167604777897,1.6376825976209015,-9.940635544629336,0.9839627200880204,8.52872297869058,-3.9140666489598304,-1.8928679594789657,1.3480664298696592,1.1577113003485777,1.9169553169086244,-2.1377067416843714,-1.1688859134489034,3.3401507292639208,-0.830016325271574,0.2293014622370696,-1.6945254552520677,-0.017257884474915573,2.1409997542275137,-1.0807684939667381,-0.28357804715313106,-0.9110429931980514,-0.031106934088511784,1.4306719878055982,0.0300888209451139,-0.8223265607880099,0.1568176862299459,-0.05898148651519205,0.35920855834875076,0.2544057034030792,-1.0031053633501459,3162.058388842356,34.23614753264543,-6.279906821496734,4.363351766026648,-13.680434568947115,-7.059756738852575,12.092407369069146,-2.0018148465965435,-0.5122070679287075,0.8437946458373492,1.3432891809952268,0.036769299890632615,-0.5245449194711027,0.1339623012239573,3.1330903852932983,-0.15596383819013077,-0.6631065328173572,-2.48860185988153,0.6607826155838686,3.0718845090438283,-2.0257616953853628,0.19542033637480086,-2.382191717626332,-0.23725632788137752,2.4066994316979056,0.6298654374621386,-1.209802723518165,0.005779913089491182,-0.043680472910595444,-0.1599888492493527,1.2283924066711767,-0.9619221445085959,1717.9701026429507,32.63421119529969,-4.2247416371793935,1.7015791951144326,-9.872359546390483,-0.1756666492760812,8.116542201094362,-3.118908948267813,-1.5920097327602991,1.038050735622775,1.5545074124676939,1.3256498534091505,-1.756350739603617,-0.7099244603847229,3.1792546259318577,-0.6985994929024623,-0.02794230885578236,-1.8741083478233125,0.24391226110742759,2.3044342105364786,-1.1779327516272584,-0.1980403020619234,-1.1814412372876102,-0.13078993160878222,1.5179607249593456,0.17312200802143773,-0.8498470688547645,0.07204250085059453,-0.1442576472719997,0.21203052649253556,0.4618058776859143,-0.9438201681747824,,,,1.4237169164597385,98.62720399999999,37.772796,96.80000000000001,96.80000000000001,593.1463630784467,738.1165623160008,9.343247624253175
CMGMSKBKXQNIMA-UHFFFAOYSA-N__OFGDQRXKFAVRTD-UHFFFAOYSA-N,331.2066481297124,-1109.8164535608864,-59.51815573719566,-19.818150956444402,-48.25288928525593,354.08040454533307,1186.4624731023114,30.65458852940407,21.186829876826987,35.95340827582761,22.873756415620676,2296.278926663198,90.17274426659974,41.00498083327139,84.20629756108355,0.4833108211177113,-1.6194913492509069,-0.08685142307134532,-0.028919488379480482,-0.07041266735873508,0.5166891788822889,1.7313364793204655,0.044732478761626476,0.030916722845008314,0.05246474179758986,226.9716277231914,-760.5428464710112,-40.78702152579715,-13.581122258410915,-33.06708028134831,242.646716840859,813.0673713018282,21.007192624281565,14.519060201818359,24.638405190964487,0.1449954786225342,0.1467832266085306,65.0493221981067,16.982693962047943,507.45145641878804,177.83559625625747,0.7404947378444275,0.25950526215557285,13.627114736316875,7.690615551543534,0.7719146985031471,0.43563874669318686,325.20000000000005,1540.0,34.12782397257637,-5.446864371875121,1.1241731972361078,-7.161772305354853,-3.4752031978442646,6.835724120387001,0.056765812416159855,0.0019715243040928643,-0.582624076184975,0.5668944500905302,-1.1535104266736684,-0.8230864402957343,0.6236683366535215,1.3793863866433347,0.7350743813573377,-1.0687280363727747,-2.020329305356594,0.6124357540186347,2.3422934652325798,-0.9268380842220261,0.41432542051887594,-1.5252918265511686,-0.33973240281210737,1.5582435388170648,0.17578990283408824,-0.7897846377400085,-0.415087495978893,0.016707779663148407,-0.24262280258504926,0.9608543641800199,-0.7634863605773838,745.2571302181705,27.86967643077903,-5.363409119574759,0.22696474969681554,-6.442172139211789,2.0662435861770474,6.086216329456843,-2.992496117997293,-1.8716857353567298,1.0591146257754287,0.45197875424919887,1.7777425040444859,-1.9772347120834322,-1.256011432393329,1.602404637958457,-0.22290594232300773,0.4464461647753021,-1.1859842800067535,-0.4607321243701764,1.4891590156116663,-0.1721913469879738,-0.3881207026371447,-0.533221897044174,-0.14831115452208865,0.7263286636217897,-0.014918396182061745,-0.8403748031860216,0.08417159735360316,0.26297577839143677,0.14058448317884023,0.1406041401105188,-0.9472039757004507,702.5017877072787,26.670665139019302,-4.202404710862714,-0.1541801621061886,-5.839288651631106,1.8291368803897037,5.236190741080707,-1.9662363960869067,-1.2767988106830357,0.4280222055440472,0.9028276779003779,0.4204235544995189,-1.3633262624508302,-0.3665333826258114,1.3476319474296896,0.1011224515955176,-0.06364562240432042,-1.213776935034332,-0.06003308893654571,1.4084114457266528,-0.25500843209809543,-0.2606484379072622,-0.6646908698025786,-0.06492697003432983,0.7369423450377527,-0.03927459378065201,-0.6143169717925656,-0.020865130860821746,0.1048659032784818,0.09303215327493744,0.2990113753065187,-0.7849220967131245,1629.6629201502926,35.41860272455343,-5.734992742532785,1.4415235457908167,-7.686427299041761,-3.692795723409563,7.292198776193413,-0.1366384861234005,-0.11894591602508028,-0.3337731084794414,0.5364410013510964,-0.6924331654673386,-1.213228468583601,0.3278956282310609,1.4998373726710126,0.6936402040623117,-0.8271266300168969,-2.070760733322005,0.406747179452477,2.393773852682113,-0.8205591952398696,0.35282708524950135,-1.4607995990354012,-0.39573595886555757,1.5897565413061165,0.1888612670641567,-0.9418461675423597,-0.3588439479614451,0.11380646158896372,-0.20624686994746697,0.8918607190456024,-0.8833966657773544,743.8673572469854,27.173459272459535,-4.15375259799382,-0.17041082512092953,-5.611510974509819,1.4101464604494176,5.007431714506874,-1.4631575437816065,-1.0448085240701672,0.1291570395176575,1.0542583517806694,-0.27042328288279127,-1.0295096673631225,0.08130234982954261,1.182321153472654,0.28443930906064274,-0.3634074913363095,-1.2633277569495123,0.14618457362178897,1.4209213987489269,-0.3210992911819428,-0.1895066575189833,-0.7605238757070082,-0.06124571764408669,0.796443996639234,-0.03269571656631217,-0.5420950658377098,-0.09588233447892806,0.007554037547084198,0.04619600836365185,0.4292183301360595,-0.7119618688515739,,,,1.1712681159094944,65.13044599999999,32.093554,86.99000000000001,86.99000000000001,430.49648582513936,470.15123886400056,8.395557836857153
OABIMAHMUUTNAQ-NSCUHMNNSA-N__BGUQIQBNJYFIEE-UHFFFAOYSA-N,352.83064629353913,-1323.2518697519706,-73.6687909709644,-20.357721073107243,-63.011993797712876,423.2425156833399,1587.3237093202097,32.85791180378843,24.420364758772457,36.075538848186575,70.41186938980076,2910.5755790721805,106.52670277475283,44.7780858318797,99.08753264589944,0.4546358044321223,-1.7050607269825848,-0.09492505936335827,-0.026231703492039772,-0.08119336795155165,0.5453641955678777,2.045327408664468,0.042338678121647697,0.03146657551791489,0.04648471383328335,273.8223953113727,-1026.940262650229,-57.17237154785009,-15.79908096384968,-48.901917269058515,328.46715742941836,1231.8793301730034,25.500143509523504,18.951989694969285,27.99725750393189,0.13032272534547967,0.11107485807821715,12.705497046546334,0.0,551.144922964269,224.92823901261013,0.7101713471966306,0.28982865280336967,15.179092146382661,8.287720018244908,0.8315160397512006,0.4540042356736098,371.8700000000001,2080.0,51.97696811554745,-9.023176147122511,4.6527681044508515,-9.206972267627759,-3.805547810361372,7.223463558340841,0.27935946104981346,-0.47059571147650114,-0.25223128291709723,-0.1554709567648158,-1.9576698862045285,-0.0761131988441317,1.5355377927912772,0.4909554261380906,0.5027968783191477,-1.3522210472927523,-2.6963802320208567,1.1276896360368185,3.0382616826289564,-1.1959024870450146,0.19324413948816863,-1.3630001649811512,-0.05662769868405107,1.3116796490451292,0.7506805788941266,-0.7580238843151854,-0.3834070628979259,-0.6185771967022786,0.23691107666440175,0.7181574590189148,-0.5927461867250209,958.7967143102127,29.17751195412578,-7.549949989959478,0.7812717634115288,-6.723563646479026,0.17143048622661122,8.561110297097388,-2.750785149311605,-2.831050301435386,1.9816910025735914,0.9177165921845537,1.7273367064678558,-1.8138082154522186,-1.114354518269018,1.1971460127293891,0.20073685534849184,-0.06204652768226224,-1.4912596754487535,-0.02507354392721991,1.5407028237933118,-0.46380043010832667,0.04409275915521562,-0.6224888016448874,0.1389378908453344,0.7243220785388678,-0.14600478831099972,-0.8560342214603782,0.014983715690377377,0.17595462004254883,0.26348532406769853,-0.048644606715495885,-0.5867165839347082,867.2571136873578,27.3099506705946,-4.288700729920375,0.35490861669248086,-6.2454358969741675,0.6652220009360726,6.208916488417248,-1.9168207142895592,-1.7493292082145788,1.1731752814492087,0.7578407383169223,0.38696844691661236,-1.1727312200848374,-0.0760120499677585,0.9649250164265252,-0.007834710124918473,-0.5541673955294535,-1.2978279200286225,0.3912849182096634,1.3589988147934875,-0.4724119410587756,0.08697854530318103,-0.6943039019579532,0.20844205563061274,0.6432375592622417,-0.03272151754444949,-0.6559120977259807,-0.03921687263992426,-0.006423391973386591,0.1837511871134478,0.0929173173717607,-0.39433589569724686,2220.2638265073642,54.79051323457834,-11.220349803942726,5.387183055705818,-9.639086452796734,-4.837922245987565,8.621391716846562,0.18885322957820602,-0.9728282587536253,-0.021038982397054495,-0.0748911460971883,-1.6132813122442773,-0.47187706755501896,1.185040973649895,0.6527488871135505,0.5511290617904205,-1.0651537122752284,-2.7567620646018867,0.8878977817670679,3.1651930520666505,-1.1429571412534552,0.13397801801425255,-1.326708309309774,-0.08507171297787386,1.3163213990687497,0.7892174218797934,-0.9154508400352358,-0.3227615352769663,-0.570237744796969,0.26064253975705337,0.6735858336878098,-0.7191950229815459,906.6905153662732,28.459257312797252,-3.5603593301994128,0.4257215935864931,-6.179815935935099,0.5201889104511779,5.467059872120553,-1.392701144900514,-1.336293421528576,0.8474665966104562,0.7022300147451997,-0.32963932761784454,-0.7895959802672315,0.43116049580495314,0.7948890000384295,0.005545162043042768,-0.8222438870898501,-1.3884726060481056,0.6800158843987488,1.4234654130400246,-0.5647122403503264,0.12088013595860508,-0.8152693829001081,0.1915753110630247,0.7175355428084782,0.0550107436509905,-0.5989946503016333,-0.08797073035667109,-0.12483996544416974,0.13260204047549057,0.22763458329933944,-0.32145991411441927,,,,1.3946045468363077,71.776411,37.045589,117.85999999999999,117.85999999999999,469.71519448930997,532.1821212440008,8.187417249907703
VQERPEDIWUNZRW-UHFFFAOYSA-N__XBYHDVVCSZJOSH-UHFFFAOYSA-N,327.4630830591949,-1197.3446300225057,-45.251605200081684,-15.964595066966748,-41.28774586284503,445.1502571859048,1627.6591089760534,26.331581666188345,21.702121453014048,35.383893673392464,117.68717412670992,2825.003738998559,71.58318686627003,37.666716519980795,76.67163953623749,0.4238382461210315,-1.549733311157514,-0.058569536458853134,-0.020663110815433528,-0.0534390796950867,0.5761617538789683,2.1066929914253136,0.03408118950914703,0.028089239885670855,0.045797673726637254,253.0023464093232,-925.0844340262215,-34.96199384508764,-12.334459120349624,-31.899463242283502,343.92902711536726,1257.5511409663518,20.34413126505041,16.767348546218024,27.33806828187721,0.1307440480615616,0.09408008103562585,52.902565588399916,0.0,647.0315392076309,125.58180103746889,0.8374584096650077,0.1625415903349921,13.448179761358354,7.595149914858928,0.7706272966447614,0.43522840639871335,443.59000000000015,2775.0,43.86896662696097,-7.921210784639911,3.069058427206886,-11.93626449810875,-4.68012785079202,7.199147791356804,1.3832748363479557,-1.207851524570422,-0.4401980527434013,-0.24205796752009617,-1.091772387629059,0.5975470299446632,1.9494943668662397,0.9550341627665523,-0.3531007853179651,-2.145002342727436,-2.5845517327269287,1.9674994779959198,3.593103887317665,-1.925989788098068,0.3638628687554073,-2.0032029348805844,-0.6802078707191241,2.0464386462666533,0.6411494736306311,-0.7365780151938757,-0.04932442516836992,-0.9520451743620012,0.11360519232902933,1.8960781848075798,-0.5885220624074973,1472.0515356830886,0.675744383491385,-6.292795486400664,0.5074982364485798,-8.331105315628935,5.441067640918826,5.4757600958619514,-2.766409529917995,-2.2714973743292433,0.4635016214191546,1.3990321997602166,2.091349631333445,-2.66553517900956,-0.4349090176037515,3.378785912298683,-1.448296347054349,-0.39481005580740103,-0.20887299950352956,0.2501054237102144,1.6550960302641933,-0.6071795356503401,0.4855602322556782,-0.803342066311212,0.4410839315252535,0.667200415115905,-0.34270407807573977,-0.46431937004323,0.10581541137571554,0.31611751217536915,0.08386152916381501,0.5485383475971344,-0.2635536123428525,1171.364588706287,23.469854230685034,-4.193656332098274,-0.2365180935930859,-6.944916127218679,1.750159150040971,4.986131488438403,-1.7289849625162896,-1.6564922172015124,0.532231870647796,0.9981629018525825,0.7580283161313645,-1.3113666538304733,0.13339284977798554,1.615545000478252,-0.7096501912220794,-0.6213404480328736,-1.042381616266529,0.48772283332373295,1.6556458429319316,-0.7357345464592745,0.14496001981660525,-0.78808377100354,-0.2166663715044503,1.1482853982296126,0.008675591196020902,-0.5408183616749547,0.011250818400126119,-0.12360907941187885,0.21452772195293718,0.5701323426757571,-0.5319984976256577,2873.949033063522,41.350905200847365,-9.150956190043615,4.093932707062988,-13.18660273733037,-4.025944821366723,7.729992862904156,1.1697777061609806,-1.6530909463709482,-0.3275927026222964,-0.05199142454534161,-0.6219786528888087,0.13844900358138523,1.7998907002842597,1.2989537081949682,-0.5401471415409965,-1.9523796196743104,-2.499428467985218,1.7782869582004972,3.549002778056341,-1.7993388298340902,0.3051393996676364,-1.9419645038063877,-0.5674269492838127,1.964786747212664,0.5543179447916108,-0.7727830757673542,0.016369988723877592,-0.7153982677936025,0.058460802224584836,1.7457162194377844,-0.5995619344407995,1334.4501643082467,24.947159595910378,-4.014478830124619,-0.19551717784090572,-6.793827692266481,0.7710364498938744,4.636185934581153,-0.9143572260221735,-1.2496163587766778,0.21569192839731927,0.8998609435242878,0.0952923328351066,-0.8347234356477246,0.6024247470684777,1.410805539655321,-0.6987053526631285,-0.9126412211975314,-1.2646437713783965,0.7789556514719073,1.8874617159339853,-0.9388207494999431,0.30875624148604935,-1.0683876797473295,-0.32164830989166215,1.295931372723373,0.17914846635366816,-0.5750939310611476,-0.027281430752632695,-0.35451269417521686,0.237484121982844,0.8793062393479235,-0.5095619601663482,,,,1.3227302416000961,86.99516899999999,49.172830999999995,110.21000000000002,118.59000000000002,549.9936686639766,661.1145137160008,8.814860182880011
CEERYVBLRWBUCX-UHFFFAOYSA-N__VUOVQWKMFZZZJB-UHFFFAOYSA-N,413.7459481514786,-1468.8936212700135,-70.05119410595144,-20.121830428356347,-58.755744850800546,480.1857016052133,1704.7700823760758,30.96716042645142,23.353014827069533,35.51604338283491,66.43975345373468,3173.6637036460893,101.01835453240287,43.474845255425876,94.27178823363545,0.46283846003672763,-1.6431833705292942,-0.07836303158638337,-0.022509361240127316,-0.06572733482117178,0.5371615399632724,1.9070474603288472,0.03464153040658085,0.026123937812723937,0.03973015542351765,369.86059801119796,-1313.0904981789845,-62.620979514559416,-17.98754107094499,-52.52361992715939,429.25319642552284,1523.947932194297,27.682524808297863,20.875999071154755,31.74891525404785,0.1079389636810266,0.1173188227833995,230.88107309928458,0.4027213979275974,750.270342879789,143.66130687690284,0.8392927390858079,0.16070726091419207,20.19729715342957,10.218217666357294,0.9765968795054776,0.49407994600791394,430.5100000000001,2628.0,56.050762216413425,-9.560020585847836,5.153830770967865,-11.245884779191078,-5.825404137790572,7.575074872721019,0.05136168699773812,-1.7127568964629414,-1.0509949464240873,0.6736205508220859,-1.7548802962788699,-0.7133699079225875,0.8662337386618311,1.5776218733313354,-0.13818487822458142,-1.07545307763258,-2.596761411604165,0.6305419614430811,3.3819964048946103,-1.9221347442694023,0.016019844221940756,-1.8721857816715095,-0.39535276759018323,1.926605612481234,0.8772371389347868,-0.7755489922321851,-0.7219482965879475,-0.4561291788565601,0.5712253313921064,1.0388949525327722,-0.1431783738658857,1345.8080871675043,38.790257891462225,-5.617371000050589,-1.350494127923473,-8.609744273104798,1.7153247763409565,7.959626731619148,-3.7330804476917296,-3.638390363763317,1.857297543316327,0.22452901830371552,2.3551241107368877,-2.5234252169951645,-1.4652921122101867,1.8271523540311911,0.17248364514321454,0.052127034751019874,-1.6183172227704818,-0.07941653990854589,1.7506709306045887,-0.6568807697957396,-0.15119278444648765,-0.6875909075048123,0.03720244777253102,1.1499081011229662,-0.015932155963234537,-0.9482180157205669,0.057154315875752384,-0.023550320319532213,0.7969326834179788,0.18157869702495036,-0.5216697816677546,1211.0294101145957,33.81231582649352,-4.447094698677901,-0.30982952441765477,-7.524383361095566,0.9043436633001408,6.070972652830467,-2.7480216744694834,-2.440995106193579,1.036815612642345,0.46500111840503866,0.7167638198868814,-1.8533171149201808,-0.6441512546856325,1.653493305530063,-0.14783587924123853,-0.34401814523350344,-1.4425541756997284,0.13748209686457508,1.729442509117737,-0.8585367372563886,-0.14180206171246837,-0.759497737670398,0.07454145140186666,1.0340420066318914,0.01641284919636155,-0.6685003221471115,-0.16765719081604283,-0.10549685532234859,0.48154395622539975,0.22696300387756205,-0.3012599218191326,2781.9142207244154,58.882611186963594,-10.318851191696721,5.099039378615185,-11.880012675027606,-6.0621745360462675,8.467743879933902,-0.3016294871248647,-2.2321688100329817,-0.8872934431211057,0.7220321274668692,-1.4009123046942265,-1.0097025214186475,0.5817912635944028,1.5978999544712147,0.030999856704025976,-0.9152517066589766,-2.7133985842553834,0.5356314264394011,3.4543587300922627,-1.8209345470173488,0.00475572892577734,-1.8388291885169887,-0.5045923840415464,1.9574191071707483,0.9804732217476491,-0.9556151972486876,-0.6271637390284335,-0.4377918903657565,0.679151395551578,1.105623233012258,-0.2175356696398881,1263.9051150862342,34.88679821451549,-4.486340762256591,0.3162904437892716,-7.363674592409271,0.08375359577195665,5.591206083337712,-2.089535171083173,-2.1040682214386064,0.6341584847083179,0.5751676804304385,-0.03171369836376744,-1.4708866194856984,-0.23624888265740368,1.564545170204103,-0.22370746952204393,-0.5721730456554194,-1.5144402295703112,0.29212879034987377,1.8375033989007352,-1.0231174191791659,-0.1176544067361059,-0.883067131247938,0.05272279987399598,1.1169378014105737,0.08205411202440695,-0.5853170575011575,-0.2807314054440566,-0.18017886069630504,0.38021205005034464,0.3250699917403723,-0.22278032510057408,,,,1.3151721695934986,84.645411,39.246589,119.44,119.44,527.3298883869645,629.2162359840008,8.619400492931518
KSRNDLKFDMNJSF-UHFFFAOYSA-N__VBUOTIJDCYNVPX-UHFFFAOYSA-N,427.24258392775016,-1577.6057254431182,-75.69887086077435,-29.766145763077702,-65.73357189346326,264.2753954551759,975.8446200071066,22.318632132859033,18.412162641643516,33.649814483003674,-162.96718847257426,2553.4503454502246,98.01750299363339,48.17830840472122,99.38338637646694,0.6178329366200989,-2.281366171926419,-0.10946768286245284,-0.04304464475332866,-0.09505692383026747,0.3821670633799012,1.4111630486858762,0.032274839987204665,0.026625717899733503,0.04866079478227158,295.44592834405796,-1090.9427235213602,-52.347130219211735,-20.583824972101137,-45.455946813390014,182.75118746578693,674.8140998190136,15.433735395105522,12.73234150601912,23.26945171789702,0.13185114276150273,0.12362175159826734,62.63211037345797,0.38218840700533246,547.190526299068,144.32745308385802,0.7912889362433524,0.20871106375664764,16.90412617523928,8.4597543134252,0.9981816905029134,0.4995450089684715,319.9100000000001,1378.0,43.341682383192925,-6.570940734955687,2.1946610114233134,-8.313881276786232,-3.5528939595256026,6.330399012963861,0.37161766580271116,-0.20254617352612936,-0.3379866581682234,1.19687841023449,-1.570558622177086,0.4496781321860248,0.9688210962759802,0.6514484355471674,0.7418201037545993,-0.5214395193133788,-1.5884601271479264,0.11144549110137306,1.9922590907690125,-0.7847810365866861,0.4701922754944738,-1.1433006282748857,-0.8067501694744206,1.2144694099910613,0.10229453400764228,-0.7447017347696795,-0.16535600767655728,-0.3743786924970376,0.10330649678683004,0.6480912162415939,-0.4437063708872747,912.7198931120075,35.141577230860285,-5.419969505923493,-0.07974578216546196,-6.546267411117643,-0.03202695821748317,6.214436733096258,-2.188435505604916,-2.5255867007597868,1.0120955799542795,1.073419940309577,0.8987508160859146,-1.2527831693277334,-0.6498504373068903,0.6944391470810278,0.6998608949842571,0.25478513967681826,-0.8424177984078969,-0.7947306514452501,1.3146640067381021,-0.1781254371871041,0.003296087132918915,-0.5684764044317545,-0.38730832561472694,0.8391859904654045,-0.35878991682300143,-0.7843460200627097,-0.01612634802283408,-0.004191699328777109,0.20063994947221445,0.1483414067426428,-0.6632954930165238,643.3296560377428,28.202418542746095,-3.462928936954111,-0.5593075659851499,-5.281123226012259,0.08564974267811803,4.815342844280907,-1.746189516120187,-1.0692763875270181,0.43901017267697034,1.0292624573585478,0.03390122949265357,-0.8423267269193644,0.015142857788013267,0.8204712122915806,0.2921109882171092,-0.11826634900627991,-0.695126859970394,-0.282776918978106,1.044008111505355,-0.25462193183759524,-0.026659713894854692,-0.4608430062225204,-0.29487515491875543,0.642810309571392,0.0018227238833535165,-0.5588907878317878,-0.1688599021025574,0.028121146401440766,0.11848775793322712,0.24886593855650985,-0.5521490066469361,1566.291300224017,48.14059938399273,-7.77092266451848,2.7799669915433336,-9.334618958344393,-3.9529219761651753,7.170727768168089,0.2810705146824404,-0.8029031944194457,-0.06293214122722114,1.3063807415497475,-1.292444365247474,0.3761356534692923,0.7919384596483034,0.7238155320909117,0.8305117215946121,-0.33129026394290045,-1.665312789622231,-0.04877599730893933,2.0293268246606924,-0.6800706496806003,0.45976892297818295,-1.123247707960846,-0.9654776112474428,1.3781112999677352,-0.037313392377409556,-0.8877334025583868,-0.06802121737069207,-0.40482960498029485,0.13539821480016814,0.5648991452968586,-0.5289407709628496,629.061857059019,26.826814352765467,-3.3626869208041965,-0.4246484602530667,-5.018373263818054,-0.015342834307409998,4.214733218076287,-1.1713043673253143,-0.5862883160762654,0.13690395792437735,1.1326233463923796,-0.5766569465836161,-0.4594591891878734,0.2482286400403841,0.6810990723527616,0.37026209746439875,-0.30544309203665404,-0.7291918745510293,-0.12429232096647813,1.1449902107988985,-0.3893036006743601,0.04338064844976175,-0.5587115229694395,-0.2820124627229049,0.6171976715475707,0.0894298341911944,-0.49190478505970037,-0.20670614071370777,-0.04065751969214099,0.059958149886932405,0.3796028470009783,-0.4873321103102386,,,,0.9352107933474205,59.917274,29.612726,104.73,104.73,417.96414525153835,520.0824404560004,9.812876235018877
PLVUEGVXXXJVIB-CYBMUJFWSA-N__YJTBUNXAPRVSDQ-UHFFFAOYSA-N,348.07543578286726,-1489.7602604156762,-64.4643612175413,-21.282289434509657,-59.590410416627044,424.69848901103524,1817.7063548428846,31.48480610999633,25.967233640612633,40.393474552064106,76.62305322816798,3307.4666152585605,95.94916732753762,47.24952307512229,99.98388496869114,0.45042337042583097,-1.9278086547925286,-0.08341943115476343,-0.027540123639893263,-0.07711234619170114,0.5495766295741689,2.3521838619589337,0.040742583438478815,0.033602626599413335,0.05227075248797631,268.98362063427436,-1151.2478834434087,-49.81637742741123,-16.446398334905837,-46.04991533773634,328.19591820709786,1404.6760739547542,24.330637188996914,20.066801056496487,31.21502386566121,0.11107314335041482,0.10036807368002658,0.0,0.0,605.4775771510767,167.29634764282588,0.7835119143189988,0.21648808568100106,18.345433359705737,9.645981743340545,0.9018731164789084,0.47420256833359054,386.3400000000001,2415.0,46.583746257144675,-9.839932742660105,4.359768605111731,-10.727154728025203,-6.209067793678548,6.518825475174947,1.3712640542127421,0.437574931532029,-0.6773779808089541,-0.32845285484226194,-2.588845385809391,0.8453306597985485,0.7315334789817584,0.8607899818216198,-0.07544838147185577,-0.9555517897703762,-2.749170922129992,1.4057864125760626,2.165632635498883,-1.3236351264517523,0.7033771720475321,-1.8153695090857676,-0.14944134515946234,1.5841913202250424,0.7538373941537915,0.06322747631477571,-0.8169661969595722,-0.5623897606531713,-0.0011001308804247031,1.5077389286307863,-0.47054669148538475,1033.2257301463653,24.649696977866864,-5.2907978824244095,-1.2959901176794395,-6.270493752114814,0.17899162126361884,7.75096121096607,-2.5235077254471237,-2.632754468190046,1.048576252601027,0.8733292578020228,0.9851961362956891,-1.7627912954822222,-0.8986416137875227,1.6520282620139453,-0.3119048959119502,0.11380451937249289,-1.0011417375663516,-0.16042380082359067,0.8992256734215524,-0.4470488153207964,0.31258280597719895,-0.3462012203613622,0.04565521006175316,0.8121597998575903,-0.14365440096196885,-0.20488360863063557,-0.047256778630873096,0.14151434045354253,0.23164195324033265,0.194677087267907,-0.5230385360659034,944.1133923482258,25.26247438629626,-4.0127498511653,-0.2928356400026775,-5.986053727584274,-0.5804549711365541,5.399490278266845,-1.5052409891525858,-1.1404439143365852,0.6135621797403358,0.7030213193377677,-0.22184614384186696,-1.3533635780992477,-0.07129614244299513,1.2236920944880827,-0.422738192187711,-0.1033584390295774,-1.1653122036053256,0.3045870134544578,0.9975110235215282,-0.5388574474891656,0.3038927476924137,-0.6171600371656776,0.028672774357912188,0.770679839845661,0.2081690277554579,-0.12032910598434934,-0.25441321832497643,0.01931539669596197,0.06980296401860651,0.5159940971245816,-0.5369289180868685,2573.6063685827353,46.68791727500952,-10.621546660296302,4.553284299951416,-11.009795061979199,-6.482654888698639,7.729970387562072,1.2060063408947332,-0.27309798073066405,-0.5446344928833191,-0.13932554875903272,-2.3891059541320927,0.804579686296736,0.5023651427287983,1.0931299113812565,0.01083554343168068,-0.852492365015799,-2.672379332336514,1.1648463924808539,2.0632988332769924,-1.1991061643461436,0.6756410409521967,-1.7405752901906548,-0.13225687823164256,1.5533683192660508,0.6981257188239729,-0.038092343725295616,-0.7704208842331641,-0.43891455637654164,0.01326364788683922,1.400697193323131,-0.4645780213684715,997.698247688976,27.906722857012106,-4.350846218533014,0.39881580126883404,-6.050369589864904,-1.3783500303813945,4.780305714164222,-0.8808763210973639,-0.5756572767735015,0.38152196482339923,0.575880549203759,-0.8940511942404005,-0.9882871791012081,0.2943608250566556,0.9853509854936413,-0.3883984748024649,-0.3205105985131355,-1.339904644532192,0.5909397135096692,1.13249636600035,-0.6767346065418102,0.36125401595254875,-0.802962566814272,-0.016831469351683993,0.8737023832283115,0.349028980126316,-0.07614576762139004,-0.3327070904441515,-0.1243615966522821,0.01693435329795155,0.7207806879692296,-0.5258145745761496,,,,1.2273254262112285,75.245583,42.794416999999996,125.40000000000002,125.40000000000002,494.67833933628407,552.2083359920008,7.88869051417144
VUOVQWKMFZZZJB-UHFFFAOYSA-N__CEERYVBLRWBUCX-UHFFFAOYSA-N,339.0262534145902,-1209.6378364421073,-62.744854570526094,-16.57038132112476,-46.52453217085028,407.63511779524885,1454.432678830553,26.803347482441314,19.923735326445936,30.94537614533092,68.60886438065864,2664.0705152726605,89.54820205296741,36.49411664757069,77.4699083161812,0.45405623819169233,-1.620062163497347,-0.08403388335043854,-0.02219263237667599,-0.06231008321143642,0.545943761808308,1.9479147240118904,0.03589759496866834,0.026683763342628643,0.04144499412791257,253.13780725067224,-903.1898456251666,-46.84915914999094,-12.372463638700914,-34.738070985583335,304.3653960062847,1085.9686983080198,20.013024184253418,14.876283538466028,23.10571698527702,0.10663803012651595,0.1167320381384393,311.72798392350717,0.0,616.6265248277807,130.03484638205833,0.8258449527509926,0.17415504724900766,14.234600641991198,7.895146181188275,0.8029559320773452,0.44535527341047576,430.5100000000001,2628.0,18.37208881073082,-1.4033413695108332,1.4822308801363733,-11.499648833794378,-7.483282004019209,7.867710463039259,2.0668206720513536,-0.1668345022482128,-1.0592913752791222,2.0922902469132696,-1.781237033984243,-0.5662177157420669,1.4585908253857514,1.7412055615991862,0.6760994073366215,-1.3814177065822841,-2.4591270815067214,0.10858732206652162,3.9028121099018387,-2.0794753918012203,0.5386421626775377,-0.8082653890329129,-1.5611776251877498,2.2253193885282907,0.8092926858281734,-0.8540475877501321,-0.15238220869828561,-0.9994408334317376,-0.29011086390982743,0.9333114958423158,-0.28465832643767963,1345.8080871675043,9.423963885953915,-1.757326633599286,-3.5732746957059716,-8.569770431074136,0.14613536201342986,9.024465711039733,-2.426375263081752,-3.0134567782441097,1.4943354991989515,1.2252116374791626,1.823971002838974,-2.0702484657824805,-1.3736270367123753,2.048029274046022,0.5448276499513628,0.3011338347953509,-1.552168317146443,-0.1484772554037339,1.9744183795608161,-1.075124992988662,0.1382645517212146,-0.4493159075997063,-0.5002184181162365,1.1050525603816241,-0.11673911513348398,-0.5135182296635921,0.3522608163064609,-0.3312048652287734,0.33093998189254686,0.08724433695316496,-0.5621280203147095,1211.0294101145957,11.936582125236905,0.2539236820121036,-2.375749764389826,-7.2284320928358445,-0.45824886977476653,6.505153038474394,-1.4664716864285072,-1.6411770914711032,1.1061057398878906,1.237838877297362,0.5037973586035183,-1.449257259397922,-0.3924472334179872,1.6836245410662654,0.25144113231245063,-0.27431645756621587,-1.3107493581528877,-0.006100499614228367,1.9046899482822885,-0.9818782982766895,0.05908257490854294,-0.39989712705646363,-0.47640704943904905,1.1067447159095902,0.04977756529895768,-0.41218382471327686,0.16297891903874606,-0.24937635122241336,0.1778628086009325,0.15785422071685007,-0.3159378967176454,2781.9142207244154,16.747516503213603,-2.8869863797772095,1.3430497907770171,-12.207528025712396,-7.878754423192908,9.08629129948384,1.9219369000415827,-0.7460157231481865,-0.9158621543435072,2.2841034837817995,-1.4544160902834424,-0.8901691185591474,1.1373576114806996,1.8455186909550279,0.8920975261761954,-1.1982062826218016,-2.6489398897161864,0.0411135977590073,3.989836162956192,-2.1473771393112226,0.610416466397579,-0.8246072528806303,-1.6545490808089773,2.2713360803685587,0.7624718677017469,-0.9870427343113466,-0.07702700443988539,-1.0672849317767734,-0.2808521150933385,0.9294249737410378,-0.3708356520232654,1263.9051150862342,13.811245621710931,0.6712653993201215,-1.7718473267906751,-7.058227565343375,-1.2598606964391215,5.82949278571601,-0.7869626713487252,-1.1547305781830417,0.78357087629944,1.328599961001079,-0.17813539279450286,-1.0802320804649501,0.0905853191209973,1.5503297428237441,0.23020719288344918,-0.5638816383908646,-1.334504871305726,0.10480020128606747,2.039496477077667,-1.0569315512433992,0.08955216820366142,-0.4320244618848311,-0.5597254788497372,1.2192627913713308,0.17314734583562952,-0.4089318966836312,0.0851842276090656,-0.29640129362759693,0.07952377969551121,0.26386950417129673,-0.23634991832792474,,,,1.2945566339267263,84.645411,39.246589,119.44,119.44,527.3298883869645,629.2162359840008,8.619400492931518
OITZXWFGSMXUBM-UHFFFAOYSA-N__GGCOZEQTPHSSFZ-UHFFFAOYSA-N,435.60156945197957,-2236.791155729804,-79.62361730788585,-24.580122590437412,-77.1307295079243,575.5241645027908,2955.286324354122,37.38319848668022,32.47567389400133,47.66590845732455,139.9225950508112,5192.077480083926,117.00681579456608,57.055796484438744,124.79663796524885,0.4308085085998463,-2.2121790402674693,-0.07874749364399777,-0.024309659783159007,-0.07628203587129206,0.5691914914001538,2.922768380936409,0.036971859415015594,0.03211833385644405,0.047141425498974335,440.44795662398263,-2261.6770990408368,-80.50948849056982,-24.853594494954258,-77.98886548416682,581.9272932415903,2988.1660537590565,37.7991140074214,32.83698960174787,48.196226673533175,0.09874480080647559,0.06267616033244515,345.9856512842534,7.915153076886462,785.3046373483594,225.82109660641083,0.7766636838297379,0.22333631617026206,16.9139456741063,9.003330249785776,0.87863215108751,0.46769781437993807,522.49,4095.0,53.27391630200716,-7.588443411074044,1.2441063001306867,-13.36198987595416,-5.180937785863718,11.553299009692587,-0.43674746661158287,-0.8727129912302317,-0.299759171312479,-0.2884702680458658,-2.2042646947449476,-0.14725004695315397,0.7648366437070596,1.6456669922317009,1.7301278125556128,-1.255222421361222,-4.095911467697394,1.1639455375405654,3.299527917749023,-0.6516259872791947,0.15879219623302795,-2.317219036009153,-0.9296426550882823,1.513738248959394,0.8187582888555612,-0.8328609028050846,-0.3052820205597632,-1.0726032480169285,0.4832566238308553,0.9313995347130379,-0.34516960123081253,1874.3549614128508,39.87188655878666,-3.8311958139048783,-3.0710960968129184,-9.249472895243382,1.3566344376640398,12.760638975078692,-4.970084914925855,-4.108065111226499,2.0569695964108705,0.9696738313697209,1.8007464687823669,-2.111355287342703,-2.248831959099026,2.1321127748829567,1.1230245337236857,0.8070700976313847,-2.225726028493217,-0.2991491672652453,1.1536377740764217,0.18410060356551258,-0.07079920104557741,-1.2009424516805736,0.09592725602910677,0.568219444875709,0.1784046300777013,-0.6029204503882757,0.11882465846112891,-0.018313590666052412,0.7847195957877509,-0.09887449939981628,-1.055971258409872,1741.4134334705886,35.54146968134644,-4.168695832076379,-1.8365167225450452,-8.545942093262676,0.4112652575094044,9.494872063395905,-3.2673668088680246,-2.5403580149270533,1.1943503357434215,0.8457328837163725,0.12538742970893824,-1.4292921000287948,-0.7547862893492641,1.7351954652635393,0.8441894476278672,-0.06756061703566797,-2.205434150142199,0.18051356780513556,1.4765160420058536,-0.2098627248802938,0.04005437477348409,-1.1533475097613517,-0.13972076674888453,0.7917126756935435,0.0966702149118827,-0.5873204346896191,0.07785071004590383,-0.2537873132276471,0.49171962533759805,0.09953664254501632,-0.5678989358558006,4303.063324578849,55.352855648322915,-7.2435480052353025,1.1850644534459793,-14.274291292250044,-5.498274820729332,13.252931651671933,-1.1512887674609478,-1.4660884704153814,-0.007350910791031801,-0.03030123170218327,-1.8527400332435198,-0.43793884866890126,0.29348417602634363,1.8592027437725431,1.92333020395825,-0.8508956423367751,-4.1408584803057105,0.9604280913645249,3.1342303429201643,-0.34610215214813317,0.12130546523118654,-2.3899124267623315,-0.797395593969123,1.4165938424878217,0.9099432211957402,-0.9331766352606783,-0.22633910363806642,-0.9523132857537654,0.5077285897307542,0.8952860632568087,-0.5567278682938953,1851.5705886498015,36.00343378101492,-4.474570443126453,-1.1718718597579092,-8.638928072227282,-0.34425820103063104,8.642097248965483,-2.3939680164397887,-1.9101939505739567,0.8012112814028141,0.6930646724101929,-0.6148681258294972,-1.0594376093783617,-0.14247704275345227,1.6007529798404327,0.8438399290309143,-0.5126705743736155,-2.324382826304249,0.44125087627080695,1.7248007042671794,-0.3717747105784782,0.06872401254126516,-1.25187063101955,-0.29000338988101665,0.9498193663490576,0.13924382119377943,-0.5689271659827153,-3.20486662522078e-05,-0.39815469135829956,0.41140486229162715,0.24284485713736104,-0.3792333793584654,,,,1.7856680585519924,102.287341,53.672658999999996,186.54999999999995,186.54999999999995,627.996681428438,741.2834863440008,8.145972377406602
QXGKOXUQYDZPBE-UHFFFAOYSA-N__ASIMQASJSFHFIQ-ZETCQYMHSA-N,399.43412070401496,-1700.4861784673553,-66.46499299910117,-22.6731490462314,-54.85439285378564,423.1677615107298,1801.5259396309582,26.875742255009378,24.020345861746108,40.94377135524905,23.733640806714845,3502.0121180983133,93.34073525411054,46.69349490797751,95.7981642090347,0.48557404175710406,-2.067204336913289,-0.08079849370165933,-0.027562724492177185,-0.06668401086817059,0.5144259582428957,2.190033816577944,0.032671627473851696,0.02920045088770592,0.049773495831316905,328.57525951191434,-1398.823131087405,-54.67422834245046,-18.650975081165402,-45.12332680927112,348.0985971113266,1481.9386287991133,22.108036164889068,19.75918171732151,33.68042338179803,0.10757290620165842,0.13449947594727624,61.764806084288125,2.1076721666813683,706.6736059229481,115.9282762917968,0.8590712241264565,0.1409287758735435,15.70269096601405,8.339125434674537,0.8830141228864847,0.46893653751938225,422.6500000000001,2775.0,36.231435254184944,-4.254202383137934,4.4161325836449326,-9.2977621501741,-6.202670204728841,8.86219418631843,2.1278869455178664,-0.5719126104951666,-1.3162334854726714,1.4471505176195925,-2.969257158739488,-0.2633615178024653,1.1296305960413244,1.2438540081702358,0.643559971350871,-0.9539002080871496,-3.423171004233928,1.792879647658635,3.1129587837274153,-1.1672407655490438,-0.2608667670398347,-1.1216958778913888,-0.8520591822670914,2.169969854776407,0.5684363348660321,-0.6842670664256361,-0.15171906990376466,-0.29183544526863736,-0.20776350142088548,1.0705846479435766,-0.11430611967442349,1392.3957107211384,24.97814812428714,-4.356070477425906,-0.021395888206549012,-7.303356320929095,0.3132005381700368,8.938079835899504,-3.138640446082309,-4.429592197296458,2.4569546788606482,1.3078696640263874,1.4770022802187834,-2.1326260328186657,-1.4581979360906983,1.8850667384419646,0.6230877613264054,0.2547921201135128,-2.0495545700963005,0.6421557861839967,1.416981568530656,-0.345310930853195,-0.10188814870769179,-0.30574974446460385,-0.2708229926289055,1.2666297062605711,-0.543460462954424,-0.728632999212091,0.34809112085789373,0.0037684469772461095,-0.004145700736590531,0.2668750070955329,-0.8510472102993752,1171.3173057949653,21.375589873109632,-1.8635975427485156,0.07763735109818651,-7.115712659493043,-0.36851924106914147,6.879121765097872,-1.9041364926689197,-1.927938525331582,0.9471701969088115,1.210603864250033,0.22589607602999023,-1.5045756065174045,-0.4033404826731723,1.658078684052143,0.14622962893366692,-0.3008863914625129,-1.6321024928701156,0.6934525490965011,1.5854603711745632,-0.4959495164348169,-0.21938512848446104,-0.4404866855562369,-0.2598616857969357,0.9949769709749964,-0.006220602324316171,-0.5325609847025569,0.05657242312618817,0.06778698223020209,-0.14704554249591487,0.41106060269819983,-0.5030116527691466,3028.861401527429,39.39943424298908,-5.852575561740937,5.700274190215489,-9.804625298397026,-6.677896205229263,10.006696978580642,1.811402503558763,-1.6215007166188768,-0.9442059442073879,1.9006590653096547,-2.7565875400849422,-0.5001368560610432,0.9226591476650161,1.2545864089194874,0.8822782898869598,-0.5650011971396659,-3.788406120388974,1.7992630373451484,3.0419338463945538,-1.0677035306075724,-0.20009857219077026,-1.0965314126766104,-0.9454502193473311,2.376173596361205,0.41181302130699304,-0.7870824821582717,-0.02574734133459213,-0.2604100632268025,-0.0819973115968445,0.9550294384344872,-0.2334242773529583,1189.902629197645,22.56709844182233,-1.529581232893689,0.19736651304830372,-6.8204456578812325,-1.267417895419942,6.301436855749046,-1.0985001402591505,-1.185163144968263,0.3651460973179719,1.2029429494456898,-0.6131158251666001,-1.082454197782943,0.09488043073530163,1.4197599866451411,0.10008209948941289,-0.6195238729735687,-1.614819673994286,0.8528261688610346,1.7478834742788194,-0.6408456034315037,-0.2208886538240264,-0.5596044369075495,-0.3131253435018247,1.0365884912134418,0.1973750628248138,-0.5076118032064472,-0.021551877051712888,0.018560956638242098,-0.2412334354160936,0.5783816300742374,-0.3681811379171688,,,,1.4239165741954243,82.12779,44.85821,111.32,111.32,544.7453532984208,640.2008060000009,8.536010746666678
IBNCHLLEBFUEFR-UHFFFAOYSA-N__KMFRCCPELWCMFL-UHFFFAOYSA-N,251.8029419911505,-744.7199299001744,-40.84874443239386,-12.011611772583459,-35.46285380477021,474.5848417071549,1403.6086602207333,26.429754375510893,22.63884935839892,34.23435756635935,222.7818997160044,2148.328590120908,67.27849880790475,34.65046113098238,69.69721137112955,0.34665084909485916,-1.0252374098426233,-0.05623545074563063,-0.01653608725552618,-0.04882082904012492,0.6533491509051407,1.9323131414386527,0.0363851856661842,0.03116634099094601,0.0471295888155769,182.9065809616648,-540.9554593561451,-29.67202893510507,-8.725088054131373,-25.759783778864055,344.73263134447143,1019.5641838774864,19.19825070451795,16.4445836109272,24.867419118963085,0.15035557482016432,0.13767978810028805,78.62203677665691,12.697082380494445,602.3096833689434,124.0781003293621,0.8291847645101695,0.1708152354898305,14.690448423890603,8.096505114142982,0.8144184702890281,0.4488592260413306,338.10000000000014,1891.0,57.83646612153287,-10.812350915367118,8.07343533845697,-7.48212467576809,-6.4498027933636335,8.054621635257929,2.3604404511582033,-0.02963203821942146,0.4667810824052801,-1.2490339225567362,-2.494149702303819,0.38007726307225087,1.5328653299629718,0.8085569648512617,-0.0786419947656527,-0.6155667353378114,-2.463719206233759,1.3921103593851203,2.69094958488552,-1.5553838421887523,0.23773764273679798,-1.2049947788067936,-0.4203787218109418,1.501022788842362,0.4408433162241474,-0.1282688185047277,-0.4504209605923325,-0.560025296989234,-0.0894961194006733,1.3396077939152335,-0.1840350942790178,624.1218398902556,25.45543742126509,-2.937015002587668,-0.588253343340506,-5.149455523328011,0.8674234083057493,5.9122402271266035,-2.304302617214637,-1.422678788291641,1.0548377610208508,0.43075408449511415,0.3984752059978631,-1.7635193856009386,-0.22415445395458933,1.6317029394552691,-0.18551927541675567,0.0042797470615001535,-0.8515758137096137,0.2330353154637947,0.8904523418594353,-0.337123207350004,-0.2563241511370446,-0.21717251285300979,0.03304622970037905,0.24230203719687968,-0.24028213963606274,-0.4073046529039291,0.1787062874289482,0.14025209196184404,0.09987096804710743,-0.03406679753433794,-0.5157783500395134,685.1855296939553,28.864146316118195,-2.935581752704936,0.6180298125537793,-4.803186788793593,-0.19690357109718978,5.139146377032247,-0.8420112203762333,-1.0491324356885774,0.8098773698674337,0.3950435018728443,-0.5633221019160635,-1.1016256830784414,0.4038624946195936,1.2059643406779856,-0.16913197523561585,-0.20959044675956395,-1.0118422744678348,0.5368970204774313,1.003156910677625,-0.4574945922090275,-0.08370868774855676,-0.41021223344861785,-0.09828381067491875,0.5538568626681599,0.04433397409965834,-0.2889788878995741,-0.035960923475800204,-0.05939440001628684,0.001235076144251671,0.3410705796559206,-0.37294471818831426,1913.0609029939071,57.0741466623148,-10.742128089508967,7.70343935014403,-7.735720454139919,-6.526904125219006,8.552587282156157,1.9671342096860587,-0.3327121148386839,0.5948272655290807,-1.0473469155755282,-2.406931963983344,0.11495123084470746,1.3601838282871832,1.0814386024706721,-0.12316491929351138,-0.520697889127874,-2.357251404537966,1.1950350425819154,2.6846944336919685,-1.4334153999831094,0.11237556805781272,-1.1116443840008603,-0.3865906857011739,1.3697893050149095,0.3242474091433538,-0.2293326630125542,-0.3468767813958227,-0.431130225185538,-0.10060912997118712,1.2232212224843961,-0.2368930761204739,782.5575226755291,32.458328793486174,-3.488036860874194,1.4635127559566234,-4.863593466205627,-0.9774958357413688,5.03594239555003,-0.056697504610711706,-0.84936910914373,0.685750213135418,0.2555905271984532,-1.052081011600545,-0.7210578111650039,0.7104554562984977,1.0138739287807967,-0.1498360370088237,-0.354944041133349,-1.1964299031677128,0.7521128689035065,1.1676502154470842,-0.5913500388332869,-0.00040846841312477993,-0.5680316357260774,-0.1725210355757123,0.7565757841914688,0.18151187076532319,-0.24311287904601878,-0.14785119968360833,-0.1903161709220447,-0.037169569562751206,0.5587308077638726,-0.3078543475178244,,,,1.1860403001227977,66.715583,36.824417,87.66000000000001,87.66000000000001,419.2775027981086,430.2267856920009,6.939141704709692
PKRWWLRQLBHUNF-UHFFFAOYSA-N__ZHCMWLDDNJCQTG-UHFFFAOYSA-N,502.9428407740992,-2172.2447565287885,-75.94102401457909,-24.684599506008965,-65.82559868269057,506.3154683146589,2186.811367079264,33.493934412694955,24.85012917135526,39.76020667416842,3.3726275405597335,4359.056123608052,109.43495842727404,49.53472867736423,105.585805356859,0.4983291554252327,-2.1523179318583674,-0.07524438821132416,-0.024458158316572363,-0.06522175551085964,0.5016708445747675,2.166750917367922,0.033186681854456127,0.024622169515544558,0.0393954712248713,507.59924104796374,-2192.3560699011655,-76.64410948742284,-24.913137157967796,-66.43503242124746,511.0030934167352,2207.057542634493,33.80403161008627,25.080199348119226,40.12831895699077,0.09395536287423231,0.13257401551491702,138.53348120170216,1.4255221924460628,820.4206850056613,188.83762408309676,0.8128946550327687,0.18710534496723147,17.799596786051392,10.194572870626052,0.7459874986364498,0.4272582130278927,517.6000000000001,3828.0,65.94979456353957,-10.620323345010087,6.401099179823874,-13.7206630002408,-5.685631184733225,10.050705170106347,1.2186952988472692,-0.8492387952378924,0.4227745452347703,-0.40376328519172217,-1.2847906392959365,-0.14034598666292578,-0.04828757154871223,2.216568093545712,1.4142237553273656,-2.4391014461049747,-2.3788620870231028,0.7845226064868597,4.147675478738838,-0.8461202930886651,-0.33744214742062484,-1.4662146379990562,-0.8557933118345161,2.275594267983463,0.5794453377034854,-0.5544022909659562,-0.1980339690300822,-1.3883581484818865,-0.15796896911574876,1.8203314238385984,-0.30543081621484003,2055.4426771609674,41.1087995176801,-6.482426054803438,1.5887727327355496,-7.771187301069218,3.8580789874909787,9.36335267324208,-4.455583488492449,-2.8660132303966797,2.4757753143008445,0.8782598558894186,2.005395586717038,-2.750691094622718,-2.2643911269429946,3.4923250224914852,0.24783208708672733,0.0003679989839641724,-1.3649597923409535,-0.5699592939765229,2.4498429429120514,-0.2285619721737996,-0.19813694720424987,-0.4528493304304399,-0.24081830470161084,1.339736245399272,0.056190497252863236,-0.4831932122947566,-0.06186867892640664,-0.0837755485786105,0.22319675864732527,0.8457963009853676,-0.7743645152001317,1691.805590094435,41.43181385709864,-5.172929137895824,1.1981456968236477,-8.3396756502008,1.4049128380852671,7.569504993130425,-2.784247373313934,-1.7559535108177144,1.4263031183056751,0.3809407387833735,1.030134229817888,-1.828280306195459,-1.0749487122426509,2.742771133202796,0.1754983035510581,-0.5810741078048086,-1.134012616133744,0.060083046724965734,2.191313788812632,-0.3203613787822518,-0.17590412289701252,-0.5738903544543286,-0.22225861246628914,1.2468253521559038,0.17321047744589774,-0.5222007282305152,0.0033756018013372754,-0.3620931959240944,0.12282173219647048,0.7459111842647017,-0.4877412492745228,4076.6308869313457,69.9821913115011,-12.140926829383362,6.9217264815302,-14.018212648088111,-5.78048699984498,11.252641506974761,0.9249428181753139,-1.5720295670473876,0.7006855768949302,-0.13814042709322258,-0.7891958511966133,-0.7421106204345405,-0.341858572783404,2.403958473647523,1.4459763637740282,-2.191160731605489,-2.50175270168718,0.5513108662803553,4.188598860688504,-0.7040999140239321,-0.2834228935185928,-1.525990016269596,-0.8687922644912821,2.3589363280040554,0.6397489313376905,-0.5594638799878935,-0.13233565314239218,-1.2676314078764694,-0.20453211083773828,1.8578283746608621,-0.41839549648054347,1814.0467219477764,42.13210330759324,-5.082116372174383,1.988889662179895,-8.692646834721893,0.2881778632078175,6.953340101013374,-1.9728689262054895,-1.1191823513316785,1.0120155953381138,0.3033182586323162,0.1348488658117238,-1.1771769553042675,-0.580470789623557,2.4774069511001113,0.3400287852759932,-0.9770444625317891,-1.2297913856505214,0.35741150033442576,2.418417398735977,-0.5376564058699351,-0.170768034341862,-0.6654543699216781,-0.28027021867920476,1.3770955486200234,0.17351932515605153,-0.5300266287604675,0.0023226489731854607,-0.5628921144804491,0.11028282551345105,0.8714048571895653,-0.39516361883170026,,,,1.90716755468774,101.278755,50.571245,117.17,117.17,646.9699085452681,776.206785440001,8.820531652727285
PYWYWYOGHRKVKV-UHFFFAOYSA-N__RBRODFGSVSSXOU-UHFFFAOYSA-N,354.4113170049429,-1456.447886182495,-49.051120967230254,-14.278900844926422,-41.61279674807129,597.7597329195049,2456.4844791439987,27.267540244434617,24.08318116807842,36.66394744991043,243.34841591456205,3912.9323653264937,76.31866121166487,38.36208201300484,78.27674419798171,0.3722139179016884,-1.529607402260403,-0.051515030803679994,-0.01499615100255297,-0.04370306863601151,0.6277860820983115,2.579877301813486,0.028637228832569757,0.025292914723661627,0.03850563137035054,337.4601958177028,-1386.787512946629,-46.70505735133873,-13.595956009280677,-39.62250036990369,569.1695124965225,2338.9934056296515,25.963362423400447,22.931307898329916,34.910349337756,0.108001846738819,0.11969773086431824,44.247464261953425,50.93212390324169,776.8576036506822,175.31344627376566,0.8158803018767729,0.18411969812322723,16.868036704613722,8.918740605817094,0.8913025336348316,0.47126386063781495,536.7400000000002,5151.0,61.55008531550815,-14.540025420805994,7.6619550467488,-17.59600369378381,-4.776631434742594,5.819508174160127,2.9305844841036337,2.106174053237779,-0.5960013774117537,-2.487743018835929,-4.943259025284842,2.3249598818841544,3.793762869781844,-0.779397604701416,1.2690967565139701,-3.2587910521218943,-3.5048304965306976,2.1325807828969685,4.998634954894227,-2.6191641678249495,-0.19896466498175133,-2.0726796932206213,-0.8739881616462749,2.1384340361143983,0.42820986563116176,0.4881162442101061,-1.5919826522722413,-1.8741356051604419,0.29536125333204727,2.7243685819962105,-0.8523938521481611,1586.3871394674343,35.60138068053096,-8.743422991911089,-1.6271673495537358,-8.55609197488302,4.22437751396407,7.835051160835483,-5.358768983908559,-2.27878060774845,2.15726030846635,0.23667633938246357,0.5981501321329463,-2.488157920776436,0.9749188074889898,1.2486951210115793,-0.4476883298196734,-0.12569503737318322,-0.5776200447885145,0.1811624687928771,0.7130374669728008,-0.5905829752379966,0.14783724622655353,-0.8081425839687565,-0.1106167166508275,0.4230961518970034,-0.012472775632901124,0.15670310107372123,-0.28384667005120384,-0.13482021792522583,0.3965045928968515,0.2823703736549219,-0.8237281456719185,1829.708953235991,36.93729178914975,-7.201967262586859,0.5955265344769057,-8.999793029600193,2.4062103466357327,5.709510816541427,-2.7871918112509646,-0.9327821041283149,1.112899002502352,0.22143952207578776,-1.1942927481908698,-1.1815672939647404,1.8697129638710768,0.4730576075531533,-0.2645795934845988,-0.7487989062478078,-1.0120822373828833,0.7884186509205017,1.0593116179882083,-0.8396635138643896,0.20325606673521346,-1.1655851160345148,-0.38449140750654615,0.82013325851825,0.13277658982533475,0.19078009681994648,-0.6553612328626008,-0.44569599380515784,0.2718458305662231,0.8554019107932586,-0.5355488685321487,5158.396940474631,63.167647884829385,-16.047496212424935,7.8425514814806565,-18.473920024670385,-4.625570423783201,7.123597071499546,2.032103129945486,1.5978485674189984,-0.5183901164530317,-2.124501921674083,-4.679123894982441,1.8063500657658682,3.680905031283107,-0.5078591459989169,1.1516226695427285,-3.1547719853805543,-3.182621092629479,1.7197371212223118,4.903799830039496,-2.4737837524052373,-0.2879132680081097,-1.9468673096012639,-0.7991083263342763,2.0043048744590135,0.39483666766225234,0.38600553889118067,-1.3930402790793746,-1.730542228181552,0.2660566138927008,2.4767339264487136,-0.9790937296808536,2141.472445676044,39.573434550665006,-6.916066957502486,1.8675685516804548,-9.562736478539549,1.2296398172225118,4.942719361389062,-1.4413399330899008,-0.29412556350655594,0.7661187797249891,-0.06212008625189932,-2.1596525071470323,-0.4484470177023038,2.3434986814694128,0.12514014754769695,-0.08717008110251431,-1.1708612552167958,-1.3582989860960897,1.1797552861778753,1.415940078284829,-1.0489557777125813,0.19106061747059988,-1.4072512836088618,-0.5142878882382818,1.1007796158599332,0.18955306992438345,0.24858852975487664,-0.8951872800117571,-0.6656827356134091,0.22097232388243043,1.2123892372252418,-0.4208489961241733,,,,1.5513560199381085,109.956029,68.69997099999999,97.33000000000003,97.33000000000003,693.5969418761482,682.3964742560014,6.690161512313739
UAWLIWBLADRMGA-UHFFFAOYSA-N__QGSPRMBQCFLZLV-UHFFFAOYSA-N,,,,,,,,,,,,,,,,,,,,,,,,,,,,,,,,,,,,,,,,,,,,,,,,,,,,,,,,,,,,,,,,,,,,,,,,,,,,,,,,,,,,,,,,,,,,,,,,,,,,,,,,,,,,,,,,,,,,,,,,,,,,,,,,,,,,,,,,,,,,,,,,,,,,,,,,,,,,,,,,,,,,,,,,,,,,,,,,,,,,,,,,,,,,,,,,,,,,,,,,,,,,,,,,,,,,,,,,,,,
XAVXEKCFISUCLW-UHFFFAOYSA-N__XAKKOPXRYCSENA-AHWVRZQESA-N,443.34798546086944,-1785.853418291363,-61.63529803055088,-19.842815758792916,-51.024383379753225,496.71905811674276,2000.8378451209742,32.70039740913335,22.23153161245527,36.37886991129044,53.37107265587332,3786.6912634123373,94.33569543968423,42.07434737124819,87.40325329104365,0.47161315619960514,-1.8997085691834725,-0.06556478971540741,-0.02110787299092747,-0.05427738769095636,0.5283868438003948,2.128399095352165,0.03478517583669935,0.02364887883724628,0.03869816537003936,416.77682996828975,-1678.8219431961345,-57.94131239960499,-18.653577146623714,-47.96634123417527,466.94921645246257,1880.9217177410746,30.740565916217,20.899130197123053,34.198576686201356,0.11565895893780154,0.07657885253871055,60.7086045058746,56.144205431267615,779.542706667518,160.52433691009432,0.8292416078121546,0.17075839218784547,15.812083295252535,8.587326844137207,0.8413277591789647,0.45691363473176927,528.3800000000001,4005.0,31.55504670851132,-7.243454844404981,4.478709620157075,-14.662938998431587,-6.751566964535117,11.135750489575678,-1.5693586215168942,-0.2027279275404013,-1.1334305571616714,0.8647860011366447,-2.078084862585237,0.13132737721890347,1.0962812487510685,1.5288319755779713,0.602658224383457,-2.172039087216231,-3.989704254067928,2.2949774640059037,4.0366660315142475,-1.2472681815862574,0.27417810812511184,-1.6381061102757841,-0.8997894935897613,2.5867011335766077,0.2174363443617789,-0.683642720320734,-0.18417703057259843,-1.231893695077391,0.45442336056974153,1.2086028808728515,-0.7327196576109428,1834.2351030946975,23.626147317963778,-4.114336478109326,-0.8510800993309907,-10.294251074661881,3.326461544812234,9.312374257795375,-6.425543555460068,-2.5453826034524774,2.1336944224209664,1.807273004514781,3.0225307052754373,-1.4356925789728336,-0.9487997198233445,2.7465461583311903,-0.13394475139810652,0.32140681603198445,-1.8127947835809375,-0.09042443907205858,2.0996383021735046,-0.5114312903352423,-0.11192966278082735,-0.6716534903143033,0.15742321566141057,1.0975485599623414,-0.6492787299765592,-0.8491162964413109,0.07488669019196546,-0.012092872986639667,0.7120272868444684,-0.3479189448912142,-0.8410229635666439,1805.7662516260498,24.18822556786356,-3.6239921612256962,-0.10275012275662435,-9.885791526360531,1.3871927587509936,8.209552071404469,-4.312771214019727,-2.0939976439534886,1.1208121385025824,1.3876206326009017,0.9494333367308151,-1.4896072643086964,-0.341520026844921,2.294008298015396,-0.08929860009592921,-0.4227840164471053,-2.1619765112793767,0.5293214224314784,2.2129331255902076,-0.6665808074095181,0.007557459169792639,-0.9536016818340627,0.007940881268548585,1.4614435640187782,-0.24170111410504524,-0.7607617671394499,0.021339347926917038,-0.15185681828941744,0.5176179496160459,0.14656600449503182,-0.7634061127530507,4105.155921159772,32.31539376071388,-8.003639234898746,5.032879849522878,-15.041551408725615,-6.555032870917184,11.883920190427782,-2.409162868987053,-0.4920761440721654,-0.9417591068463355,1.350820680234439,-1.4929810743987386,0.05666083427760998,0.9249419238174083,1.7146309973604275,0.5080411593396591,-1.9521733720258054,-3.868632237605891,1.9770157101376946,4.00453710462944,-0.9983250306925986,0.21170196876308117,-1.4746776653911673,-0.8636164236891011,2.386179139349577,0.15941116227323504,-0.7558637923334053,-0.1400357244099003,-1.1679977142803586,0.5300555531305878,0.9863889928096936,-0.8189142829110758,1985.462443124686,24.425495032863655,-3.8757494028913606,0.3309569939327751,-10.178013987988146,0.39622316452322487,7.835254600834874,-3.3355880501575657,-1.736145310047059,0.7038690466017562,1.3334217124848957,0.07043634191803744,-1.087906175402831,0.08522386775712235,2.084637125924649,0.07903235050547514,-0.8008893564533992,-2.373026759404083,0.9046780735191376,2.4355155117126643,-0.8472299954513476,0.022320360605488507,-1.18867798739515,-0.10254958126175544,1.6980377489874374,-0.14547237844282251,-0.7126749357595874,-0.03235487142293257,-0.33262113488860584,0.4417305887607292,0.44169248292155144,-0.6975540742360656,,,,1.4646097714864796,105.932341,48.263659,106.28,106.28,646.7393261219288,733.224258424001,8.146936204711123
FCYNHTGMAUFCGT-UHFFFAOYSA-N__JNFXFWLLFQMCON-UHFFFAOYSA-N,382.81484237087295,-1350.9812435708895,-51.67096669085257,-21.10908193079515,-58.738314937864764,369.84438845749264,1305.2075743760022,25.825376168376927,20.393868349625034,31.834331082341517,-12.970453913380311,2656.1888179468915,77.4963428592295,41.50295028042018,90.57264602020628,0.5086164185478104,-1.7949440971899326,-0.06865120970347269,-0.028046001518592698,-0.07804104770391011,0.4913835814521898,1.7341281697156763,0.03431217622874817,0.027095752651807442,0.04229580901745552,288.12912480854317,-1016.8285036496144,-38.8906300456952,-15.887945369525225,-44.209934941287585,278.36679294260364,982.3765290011985,19.43770776274378,15.349633265643726,23.96040314637069,0.13964018511884183,0.09574869594678462,20.713495403218293,8.882025987430401,588.0328470689509,164.62638375941452,0.781273680018208,0.218726319981792,12.722993925814322,7.226826983610899,0.7605228345258171,0.4319869186647942,395.74000000000007,2016.0,39.774360603298796,-6.7011826929759994,4.12036042112563,-7.865065807263938,-3.6696533247659584,6.901756907372672,0.43737738712374763,0.3007943719927635,-1.0584886841932626,0.049956816386877434,-1.2309175957850917,-0.4720315847068265,1.1968030940920908,1.754480895676374,1.0839210568539301,-1.6706147354884213,-1.9772209075691405,0.6274984199001861,3.742371023503474,-1.5658137717305962,-0.030310430034008184,-1.2618664220648677,-0.13510359960273177,1.6687361689992048,0.7243971300392921,-0.6348493912809196,-0.35796036973919043,-0.19596277820486777,0.021138422264143038,1.047071372257935,-0.74396682027535,1325.3044793865756,16.32803120895737,-2.1528025560957333,0.9387152512605982,-6.794931529942632,5.491356731550572,5.058429792794526,-3.7052961402866926,-1.4355076387953165,-0.5580090112507899,-0.3936016875522652,2.354326283143846,-2.0883852085962986,-1.2960037207677466,2.796408027578989,-0.14651908069022834,-0.33275156302898495,-0.23988413976071776,-1.0615353572826791,2.6171427814202155,-0.7354718652622833,-0.3758787776653074,-0.7938091170532214,0.6870491863259904,0.7730002631825292,-0.1025235682836021,-0.6352147050197348,0.49319284610621444,0.19327656353034137,0.4547349548023546,-0.11780613287407983,-1.0650613600424856,922.4490181753781,24.378859606487055,-2.2153573176383925,0.16021649951218742,-6.438615207900737,1.8593870593202564,5.19871723536742,-2.1592948768750713,-1.0170050642648496,0.4281506247093021,0.6464772905527874,0.4307639063615455,-1.6152836316202095,-0.13986849602237827,1.7958899210993797,0.01977242475450683,-0.42083568607778976,-0.8352290870954091,-0.19304658561719623,2.0672515737797204,-0.6890378699970721,-0.21026486824205165,-0.5705581748787558,0.11837942204592791,0.9367241300525231,0.0028299786193499987,-0.5097317976609205,0.005549432982502628,0.11188885891713483,0.18862628511590068,0.3391504310491648,-0.7355032243927435,2168.6734505967497,38.924143988819935,-7.716417977116455,3.8358415152839767,-8.281138024716416,-3.854190211428669,7.643191148685005,-0.008235020920873304,0.11623010010571398,-1.0682124602500864,0.22528990408202876,-1.0119658657509074,-0.7799222608369555,1.0186515554666826,1.9620487178929569,0.9450348011237993,-1.5795526400637205,-1.813155423842915,0.3075031426721396,4.037516244892261,-1.4977378830943633,-0.05567585506650713,-1.2161208471744362,-0.1297609532395532,1.6068416520915896,0.646339681175548,-0.734531879019104,-0.32102773480838187,-0.1370779197408726,0.037580723953310566,0.965018737401155,-0.865014666326581,992.9353428519127,25.867664155927862,-2.2098232245171916,1.1935728639708194,-6.213463319484166,1.560412460885111,4.4774541119036275,-1.3153633537066676,-0.8066394351898465,0.11094211417495613,0.6185090892316518,-0.053849190870312286,-1.265676004401957,0.17174940746795977,1.6943575441085974,0.1912182889906098,-0.6263319327005754,-1.0169862565777623,0.0374832800861907,2.0714913655097655,-0.7872285265009584,-0.16334523385417316,-0.7396997748118846,0.08766869775029751,1.0367390718199,0.13237175487207425,-0.4493727129775056,-0.0099182264957937,-0.005295736329171519,0.14497218060588793,0.46063227275317664,-0.6383369878834511,,,,1.2201485660501814,75.142825,37.253175,82.06,82.06,499.5123458541435,628.0475129600006,9.81324239000001
NZTAJKYXNCTGCI-UHFFFAOYSA-N__WOBFGMJIDKHNAK-UHFFFAOYSA-N,376.85407591537154,-1445.7116399513038,-61.873808466447144,-17.008372234721218,-42.52093058680304,432.4718905141923,1659.0762473496995,27.32421551780648,19.518544086467056,32.53090681077843,55.61781459882076,3104.787887301003,89.19802398425362,36.526916321188274,75.05183739758147,0.46563942286185045,-1.7863156502060962,-0.07645103584086234,-0.021015478237718776,-0.05253869559429693,0.5343605771381493,2.0499481249426705,0.03376169386773842,0.024117036764031423,0.040195061273385714,304.99778919312837,-1170.0519701820588,-50.07607983378507,-13.765317296259513,-34.413293240648784,350.01073074401927,1342.73348726663,22.11419713087842,15.796864556078003,26.32810759346334,0.09915119626715739,0.07592498431256733,308.2082697388972,41.07065479161645,619.14334098575,190.18262544381395,0.7650110915348153,0.2349889084651847,14.312598168339658,8.276950207004955,0.7292115828154444,0.4217017686338687,516.5500000000001,3570.0,11.392142793680112,-2.410846791780351,4.1510844270841405,-10.928105703698394,-5.85317749151368,7.3027848605697665,0.004756137901030383,-1.2611392263117693,0.11067021895726246,-0.8978314577110689,-1.5687716166980195,-0.17679721841162493,-0.23217840855739333,1.457655059780818,0.07030784321560242,-1.8666724624005255,-3.3373070971625656,0.646693967167577,4.42653937012557,-2.4658006025037977,0.5673550622003507,-1.6107923797880095,-1.1391892996581836,2.442471828775363,0.06028413503977012,-0.5826726710033614,-0.7547849731629476,-0.3948998971681044,-0.05242514577077943,1.7054361169567878,-0.8732451991395508,1754.0391133452786,9.721025219741698,0.8819927314749318,-0.49244862325747407,-9.209495436607943,2.6559005870971166,7.238772101477167,-4.6891603888390385,-3.23475994225834,1.7538236643540643,0.259931699051829,3.4155692403598876,-3.098630925290973,-2.192933933203937,1.6968451140654537,-0.26477584619153816,0.807911121379911,-1.645200067073049,-0.4865510400143882,2.0398215773848034,-0.9313645749108419,-0.04285722976709801,-0.3078393505007825,-0.13237087781620893,1.4689856401208494,-0.5629329415028789,-0.583711397462712,-0.13344608821181153,0.2179619795442292,0.3294728693913997,0.18196875300146723,-1.1957397848089197,1671.054046892325,12.088414838022103,1.2991505530968457,-0.1505294514639577,-8.376141721552857,1.015964441568215,6.40175591723042,-3.00089784469809,-2.7973124005786016,1.8027567445907873,0.5325358611411136,1.4227879243940622,-2.245873864158663,-1.2921212371577255,1.5660563582327856,-0.02712971799454057,-0.20353631624241694,-1.803164764853041,-0.1472596415160885,2.2724837093960675,-1.0594955494390943,0.14679437062135542,-0.8125679550413216,-0.2966834058746563,1.453195158583358,-0.2650837834375844,-0.6101945685424908,-0.3171345085990941,0.10722644550700937,0.18415838724379494,0.4944516033198108,-0.9305220485062917,3683.3136692502203,10.76093853715812,-2.7897701426848567,4.594800306303185,-11.365709802771633,-5.662146869754304,7.882262166624673,-0.5406492250174024,-1.5461213602419344,0.1426338735806257,-0.9587461619477977,-0.8857490839274494,-0.548656097230688,-0.4908807346866132,1.5619514288339682,-0.09948110180736187,-1.5256592879182327,-3.227513053950971,0.5213790837335004,4.379681247978924,-2.341216252167067,0.4563565141180214,-1.3736443287640305,-1.1363423444964058,2.467775797702216,0.017580155343597005,-0.6502470136720883,-0.6275966302022076,-0.3009386648526345,-0.034678525950736776,1.6265936344202092,-0.9660691288750449,1815.1987481341287,11.746883420842229,1.137445658878953,-0.10472889759578201,-8.25606924932708,0.059002544127500216,5.89456304397235,-2.1815806490783696,-2.404867865600906,1.4673769435061668,0.6370726040822756,0.4483234577832798,-1.7784827497027957,-0.9748886129353206,1.4186874538010552,0.127971139947324,-0.5990333301850436,-2.0350934363648547,0.04196713097975182,2.514542515300723,-1.2254184945559756,0.23916682572187647,-1.0493074980678065,-0.38173275520820993,1.5956926462771939,-0.20812947663980452,-0.5604732829022189,-0.44189535325643264,0.027867213808070595,0.11162580573180804,0.7248897906609519,-0.8701272717542522,,,,1.5867289119309316,101.323169,41.646831,135.02,135.02,643.3341909704216,717.2041916760008,8.437696372658834
IQPNYOIVRYSOFV-UHFFFAOYSA-N__YIQDBIJXFDMGIJ-UHFFFAOYSA-N,316.53005694724385,-874.6982028489116,-49.44844903116976,-12.676785548534948,-39.75900922040507,363.94571639199893,1005.7264928736272,12.352427044781793,14.575746273530829,21.39843601858781,47.41565944475508,1880.4246957225387,61.80087607595155,27.252531822065777,61.15744523899288,0.46515992096818076,-1.2854215199412273,-0.0726674643955588,-0.018629297390452566,-0.05842825090641942,0.5348400790318193,1.4779754581684934,0.01815263309693708,0.021419934176354977,0.03144628634401049,215.3910352862903,-595.210936022059,-33.64847159491138,-8.626245449595055,-27.055042546457223,247.65624281535023,684.372513005946,8.405527345914468,9.918442217477477,14.561117297998846,0.13768872383699512,0.15067029596641787,202.45941984452978,0.0,623.4113947039631,57.06437863527964,0.9161404698432505,0.08385953015674946,13.521908088977899,7.2415234439317135,0.867273950526122,0.4644599418750309,369.59000000000003,2346.0,26.186480083714077,-10.373089695364257,5.1997588911868435,-10.818501501540855,-3.001149727244632,2.099030019975055,2.5108240138926736,0.5792659873349267,0.43215039137423406,-2.684422452095267,-2.116746612623559,1.474241870361347,2.0968356776664887,-0.01941605381885341,0.5038306239918615,-2.715846504473209,-2.237213781276233,2.0376273068620474,3.3340975926063816,-2.522242968386954,0.6346194918540508,-1.0547634181300267,-0.6505186438967028,1.1566070522810048,0.7358365475553837,0.36206363429576505,-0.9590584504659324,-1.4162878411444972,0.31087436890356607,1.9327042911799421,-0.11293791167456768,895.7294667170879,6.588276289055102,-8.277111645267217,1.456419057597182,-5.038091858035936,0.4328981905748041,3.8135372602409223,-1.7054171976959476,-2.743647972086355,1.7824833692078172,0.5222432432055518,1.083212512521728,-1.4390957653871763,-0.10406404206685307,0.39622854358569,0.20299664847932522,-0.7838202566247957,-0.7361093879372494,0.5167086695868818,0.5198952039493898,-0.9450713848458565,0.640484031242973,-0.1719071589239436,-0.8764287823511817,0.7201149393185046,0.05634991880743118,-0.053012678060138305,-0.08005465884691006,-0.38896783582414823,0.04212716093969121,0.3259895582828355,-0.5787438115134702,813.6667958180694,11.186568414232122,-4.430685694021142,0.5871555191592946,-5.74832513219914,0.8522227787041435,2.8140902164512247,-0.9632562208300168,-0.9523218072326459,1.2018600086986233,-0.27479452266473886,-0.1790153583710838,-0.8526351845137679,0.8640379032163858,0.5533597425443719,-0.3040697228692239,-1.024863120068046,-0.5998573870069639,0.8488750664520006,0.7416017283526055,-0.8817676369232205,0.4701589181772324,-0.34701697171139123,-0.42912059556043386,0.4128016584593224,0.21288506277792446,0.23601214911451524,-0.3845574692595519,-0.38830197865310956,0.10944342628614646,0.5867052995876284,-0.14377328098608128,2460.7363307763026,25.147195715080485,-11.918287392832358,5.9629729697360405,-11.075106518198895,-3.6463797369298545,3.006042589351638,2.4957991746827153,-0.2732583650559521,0.6058301689913567,-2.0112124365949637,-1.882888029565583,1.2078670511099863,1.999268283195593,-0.17408601914255983,0.6824653054984202,-2.61677732315195,-2.3104283728300907,1.9275924625793128,3.262701795253949,-2.4969604365526066,0.7024572332794405,-0.9808101683663427,-0.9152075651123485,1.3833340167732744,0.7469516298214618,0.14041872975646721,-0.7900650707210743,-1.4193333560499148,0.2567054942194105,1.849252634484464,-0.2607509110052833,921.7343906253913,13.99524541361222,-4.5217468424292715,1.1563008558072283,-6.34626559539611,0.682690012060929,2.0222975143138777,-0.18077490530256798,-0.42008754711572516,0.9226628699643288,-0.748074896706442,-0.8766772020398098,-0.3579858945012936,1.0511113217532633,0.7035190565308441,-0.44031476220165117,-1.3435149685137564,-0.7284269125353275,1.1542037162615377,0.98995749564649,-1.072169998167594,0.5239618089042891,-0.5219270923520513,-0.3478076409846391,0.44902289464405826,0.2654926358910116,0.3210757364009579,-0.5128700356049583,-0.4771676059993675,0.10051610018593267,0.8032310364336486,-0.017683230830011606,,,,1.2383784715190393,72.363755,46.828244999999995,40.54,65.84,473.34940227946987,515.2292696800009,7.46709086492755
YIQDBIJXFDMGIJ-UHFFFAOYSA-N__IQPNYOIVRYSOFV-UHFFFAOYSA-N,309.32078666462087,-854.5266817395767,-46.11830538936656,-12.384444662892417,-38.84212189725349,386.86756793627904,1068.7566867586154,13.397211556950452,15.489227344327759,22.739503973587563,77.54678127165818,1923.283368498192,59.515516946317014,27.873672007220176,61.58162587084105,0.4443061775170651,-1.2274360467138905,-0.06624400578461924,-0.017788928213244792,-0.055792547577904125,0.555693822482935,1.5351545019325923,0.01924365937524278,0.02224861597003757,0.032662861743246646,215.34552951189838,-594.9115245228427,-32.10702714600492,-8.621906152504968,-27.04143293285649,269.33269557000995,744.0559592231897,9.326982670073496,10.783419698886808,15.83097785581255,0.13890697260092788,0.15083357800770938,167.03531346749955,0.0,644.0098339578237,52.17852064307617,0.9250511441361465,0.0749488558638535,13.39844362182556,7.244380662971302,0.8494946973603886,0.45931177773734266,369.59000000000003,2346.0,36.680451317883815,-13.978544829883928,3.403171400478318,-11.362935756522544,-0.7499969464368887,1.4880918741224465,3.747849994876854,0.9364725891167187,-0.3397345217821717,-1.870119107258774,-2.522954786448369,1.2038138539565248,1.1134369433560305,0.45285206716754994,0.8078125416042616,-2.3313361323394814,-2.4216073001737004,1.6232118378559979,3.516523480432238,-2.171899844909423,0.4669722765874028,-1.6704385799290922,-0.5592133628052697,0.8707839467416553,0.9957384603623798,0.5217386641511521,-0.5328405623471119,-1.3093766845466914,0.17476830264058926,2.2221807735611003,-0.16436264736305184,895.7294667170879,14.186681429143308,-9.63125786020645,1.637629242648631,-5.340742267085784,2.014524463826243,3.1026046172331467,-1.0777078639742474,-1.0904514754407726,0.8781672947870971,1.131580771286985,0.17146518585542175,-1.264394917075219,-0.7460110855411984,0.8672682689661861,-0.20669883824764507,0.299915558448983,-1.0765038261122428,0.636572444847833,0.7609913227561241,-0.8286258479018148,0.7799083257039683,-0.44527926968943793,-0.41588588400132853,0.41631131084645495,0.571889798990035,-0.3493050918171441,0.14044884877879737,-0.4746115565837971,0.13290704552452628,0.5517488085890228,-0.15701020331242646,813.6667958180694,16.359833319633115,-5.641785782044289,0.49577152403114405,-6.036647211186696,1.4957157277932283,2.4678393612772194,-0.7013119742647455,-0.41047284396664707,0.6789656468934621,0.2965367483577924,-0.3693010430749316,-0.8983493138698031,0.46060221714708305,0.7007698274934161,-0.3603383704799384,-0.5683071043152248,-0.8825136266907819,0.775557359614763,0.8553029116834711,-0.7759771595396846,0.485570063561826,-0.6258261342388589,-0.2282604918448468,0.28121330720914833,0.3357943938967515,0.09622513434909866,-0.2589340378214933,-0.36267723863527934,0.09019987780388532,0.7593813488435769,0.011407862891716303,2460.7363307763026,35.81240438278099,-16.019788315338637,4.43370816083846,-11.47279970715161,-1.1925363559572992,1.9794939383771257,3.723826223029875,0.446264945025287,-0.34749863065683917,-1.254495999990132,-2.6326344178787062,1.08198286719125,0.7906012712585948,0.5894612485861807,0.8584327393804235,-1.9575106840079546,-2.5097367623367353,1.5959445311333087,3.458967750154535,-2.042141459686051,0.5194987617172143,-1.6476266663368573,-0.7228410251437392,1.0162311554535395,1.0784971835363084,0.3207878234412473,-0.3530877422366996,-1.3631785122254483,0.16368496362358767,2.1658732605689055,-0.21539498031099488,921.7343906253913,19.765406029320012,-6.073239469142584,0.9742409339706817,-6.855941192634058,1.3733945717694824,1.7310890112851285,0.2571352597167145,-0.005278205809664845,0.4655105129781832,-0.11239116293258983,-0.7927769222804808,-0.5410519122160325,0.7086332282298823,0.714922564359541,-0.36703441485459104,-1.0531754916382134,-0.9484553037469798,0.937853103544611,1.1837412628170907,-1.0503955384615007,0.5453755963355977,-0.7964585181597429,-0.1992800428969877,0.30403207166673085,0.3857753681339822,0.176018515695936,-0.37430890209176443,-0.4144772521517912,0.006162546814328108,0.9573053842283719,0.07025215788203645,,,,1.1043393698194637,72.363755,46.828244999999995,40.540000000000006,65.84,473.34940227946987,515.2292696800009,7.46709086492755
NFQOVDXZAYHDJY-UHFFFAOYSA-N__ZFRYWMVDYGIUEE-UHFFFAOYSA-N,317.725424839841,-1010.2320885831327,-55.10657946814933,-12.026572483132535,-33.67440295277109,514.6398038909949,1636.3362932471891,28.066741931431594,19.48019396722844,30.302523949022017,196.9143790511539,2646.568381830322,83.17332139958091,31.506766450360978,63.97692690179311,0.38171395665373803,-1.2136884791829936,-0.06620480717602067,-0.014448672371226117,-0.040456282639433114,0.6182860433462621,1.9658873734336824,0.033719262845982735,0.023403421112305742,0.036405321730253376,264.4635959204163,-840.8820634847293,-45.8688006235801,-10.010500755770588,-28.02940211615764,428.3682780797205,1362.0294330092647,23.3617800674854,16.21463610725315,25.22276727794934,0.15127494344601902,0.09666671431786883,205.4749453227637,46.18779753952721,650.4888090713869,181.87641965944894,0.7814944529377226,0.2185055470622774,16.725157771839967,8.895526577412197,0.8801762465989387,0.4681349677675667,460.0400000000001,3486.0,45.70355361779329,-9.234906634280335,2.518555279086118,-10.182639523525664,-6.2023461213556565,6.5783826212793395,4.6288338334519485,0.32363360062113466,-1.510214729319363,-3.0755876606134875,-1.9491895261583283,1.2560730494252055,3.3183611674786158,0.3031297603004978,0.7801286450151544,-3.230308427502674,-2.7086294238540023,2.103182594362714,4.620504353339812,-2.1750220361028805,0.6072754083605497,-1.3395989882091193,-0.9432800694514065,1.535749812414353,0.8530546000466033,-0.004733169376540603,-0.3501202489545893,-2.2927218620118692,0.4042962981786843,1.9624675288137101,-0.23632332446765467,1084.6634224872146,27.900976205328373,-4.858465941111786,-1.6067610942163333,-5.409322035239567,3.775895764564268,4.499801943858449,-1.8209141448015569,-1.9566585433142738,0.951572121039823,0.3171728238942441,1.6208470234725674,-1.7675674276068791,0.6935396839342598,1.2222638993897368,-0.7130672375986103,-0.5565906596721929,-0.5941035635855698,0.6862352207276758,0.7572683170999217,-0.31918193003142836,0.33640001029128147,-0.019512517749522333,-0.25153288890546494,0.18374468243704756,0.16740415429998087,-0.3860632271292882,0.16840780400139072,-0.4003805511082889,-0.051474928742775046,0.18727046279420773,-0.2892615218716213,1282.608133187653,27.129579503769307,-3.866077725169422,-0.7985178424023957,-6.088241409852852,1.3898970293768524,4.175125319130827,-0.20353405601879726,-1.5050496136369236,0.39445176327447423,0.18808630743112567,0.06615231633953261,-1.0762933655056603,1.515056514579571,0.8832553155244567,-0.4815570689011627,-1.1682751563697629,-0.79929364817948,0.9822081810967388,1.3257592742252142,-0.6547701249525137,0.43843068521931156,-0.48465556142671185,-0.3390170879534021,0.4442420415343364,0.32704596019048016,-0.3426101563770588,-0.02263296926326933,-0.6160732920647797,-0.03603670610794108,0.5882024597401787,-0.1574401847246041,3423.8858460084166,47.939022177847775,-8.168131771790362,2.637807865337338,-10.338030889201677,-6.445521969397781,7.429352199574862,4.0177204915942735,0.17424849087106675,-1.3512587309540547,-2.8214922543897263,-1.718564009413803,1.0134152334381907,3.134217402469557,0.5658351379114209,0.6692049872327663,-3.065007111840846,-2.636162557928669,1.8916690248843937,4.432776647559006,-1.972183732214252,0.560283614577925,-1.1208011173929462,-1.0400584953366343,1.5388687189098633,0.807903393679556,-0.030325831767140262,-0.27035957605372724,-2.16975360045698,0.33619045886612275,1.834062909927374,-0.3085152074153589,1586.484495122504,30.710763893663984,-6.202158484026244,0.5722539641688626,-6.5395503234824455,1.2421585063219238,2.858159233276569,1.787251481779977,-1.690257081128005,0.08901097657534025,-0.07514674469028082,-0.11562800065366591,-0.918842662764447,2.059363185091941,0.7463764634709917,-0.37406205681125615,-1.6794028200954987,-0.8104226623386324,1.3763377711519698,1.5452656743045996,-0.800777533713878,0.5687213740913215,-0.9513291844120827,-0.23548224697482506,0.5981636802947935,0.4963735572174491,-0.5695214011789221,0.020007305015909093,-0.9693931037696155,0.004392600535218813,0.7968291452346217,0.02344486929424327,,,,1.4905884474236892,94.843892,63.000108,86.63000000000001,86.63000000000001,581.8240774061478,565.3023636380012,6.729790043309539
AJXGFJPRYNZDSX-UHFFFAOYSA-N__IJVCXCUMWTUXID-UHFFFAOYSA-N,347.19818561153676,-1036.8858257939844,-54.09536493842174,-18.852469559890626,-47.13117389972657,344.34571805630685,1028.3671085335654,21.762036978902206,18.697583791519374,31.162639652532288,-2.8524675552299072,2065.25293432755,75.85740191732394,37.55005335141,78.29381355225885,0.5020623907897248,-1.4993781599324347,-0.07822405005887284,-0.027261421089680632,-0.0681535527242016,0.4979376092102751,1.4870597558293301,0.03146877134406026,0.027037450105987827,0.04506241684331304,240.1027886241947,-717.0520716274277,-37.40931983985277,-13.037310393225958,-32.5932759830649,238.13018207596514,711.161004638915,15.049404004153999,12.930200084343909,21.550333473906512,0.15679469102594568,0.1325198176715778,23.79432397183909,0.0,605.6818804768945,85.86202319094897,0.8758400981694003,0.12415990183059943,15.221688685467274,8.179182611062746,0.8610281013752148,0.4626626007092286,318.9300000000001,1485.0,35.15188464285714,-8.328045374324798,9.25956621271644,-9.913397070242924,-1.682869524343903,3.078602571227741,0.8557507717559334,0.26180602507631534,0.7858791850483058,-0.17149039896889376,-1.9224820719649216,0.11999542656565532,1.6997939307153236,0.5797287160688745,0.13333122814674758,-1.0135986787025315,-1.7225172440231116,1.254800679187971,2.2057941029703,-1.2017496856029888,0.4336419939587174,-0.9935837940794447,-0.7125035998749422,1.0552751317341744,0.6886978754154662,-0.3621569103383867,0.004547831443419446,-0.8099730043014791,-0.1601860061465455,1.0610140026773156,-0.4291072654872697,676.7048526078229,22.81289431385461,-7.593212781619424,3.8445667955626917,-7.0932493402549985,4.0023230904384866,3.865443686375751,-1.8087595896716522,-2.4930009517795604,2.1593615594032567,0.29223710124766555,0.9156878676773917,-1.4110100403216401,-0.41036880254186464,0.9884930252897461,-0.08868438033736917,-0.11136527404357625,-0.9122164661617095,0.3112444781176933,0.6679192740319368,-0.34157602207902826,0.2355840363504085,-0.13168217684666544,-0.21303653647760964,0.4243522536476214,-0.02519034139551764,-0.3067848982670415,0.28659583099482505,-0.031576166358965846,-0.09710720523140356,0.18890867369483613,-0.6672141841500919,624.0926175032783,21.410706472214528,-4.601436830005044,2.691354572142018,-6.360907135323718,2.3433725347436787,3.07400330713835,-1.3620159128707003,-1.1719066735157615,1.1793240136453973,0.46572240678982746,-0.11794725297018809,-1.0655760852891918,0.3188516192468988,0.9162917230527301,-0.0625079903283707,-0.5040069247768741,-0.8685166695912023,0.4949720396167177,0.8763478578009316,-0.42208605147524214,0.11415557395299732,-0.31226680935668055,-0.12901734184564803,0.39427644396465283,0.16927498038045904,-0.3113898708334663,0.1215655583475216,-0.12159131355565517,-0.11312247683464026,0.3288814495011548,-0.4556091694225818,1579.485307371538,36.34017576622134,-10.154282045216222,10.533331873887231,-10.52456993117277,-1.2411759940878195,3.2596292581981103,0.842326396673292,-0.18074277274049644,1.0840805984715736,-0.018929305461018595,-1.6447426136448315,-0.04302896786448346,1.4292423110239747,0.5810952108546421,0.10136986678335455,-0.7915214323660322,-1.7534014004356393,1.183292533162438,2.1085950502800386,-1.103618040111041,0.4582947564928606,-0.9207725317207646,-0.7864995725953213,1.0591349400115602,0.666296674341331,-0.37072637462859126,0.0863220362312413,-0.7762760696740129,-0.1696431239534191,1.0202000792111954,-0.5403600169056498,654.6606457046859,22.579120884442496,-3.9833351563638657,2.6439496947612877,-6.294141879787257,1.4196481949705646,2.7793827220046317,-0.919751670122512,-0.7655136241438039,0.8814837446640762,0.47526381448130794,-0.6851490127111156,-0.7788881736697186,0.6975587158448464,0.8424125056204267,-0.0053737538750639625,-0.7058337205896232,-0.9703567100423073,0.6603646683162466,1.0483533684654356,-0.5269922940971871,0.11503701952674783,-0.44988564045786766,-0.1594221931218107,0.473158194818782,0.2666605539085379,-0.3431375503796885,0.07369873774489709,-0.22425752070674135,-0.13785870298664255,0.4722708727504604,-0.3789580471852561,,,,1.1969707940587124,61.097238999999995,30.752761,80.67,80.67,412.93640856629156,448.14975849600063,8.148177427200011
LXRKVSHHHAFMHG-UHFFFAOYSA-N__NDZPWUBKHNNFIL-UHFFFAOYSA-N,517.5497168690754,-2834.861518205798,-82.45918585108814,-26.248717761164794,-72.68875687707175,783.1840042934251,4289.86457354667,48.54686073150987,39.720968273580276,62.17195034125608,265.63428742434974,7124.726091752467,131.006046582598,65.96968603474507,134.86070721832783,0.3978905970136049,-2.179432632585404,-0.0633943631271373,-0.020179931783198185,-0.05588288801501037,0.6021094029863948,3.29803441223366,0.0373226740736161,0.030537355668830184,0.047797600177299414,673.1943691097111,-3687.399971556204,-107.25744365611611,-34.142592329224115,-94.54871721938986,1018.7138442595349,5579.971510032545,63.146538810054516,51.66640287067171,80.86915231931222,0.0899813052009444,0.10453684488815132,116.23394523701515,2.711778820095567,1108.888931897192,191.84478926530875,0.8525103284830257,0.1474896715169742,31.158634495590803,16.693736324417586,0.8664865605919334,0.46423402069240605,609.4800000000002,5778.0,101.20152658527721,-16.76047300731174,12.946749902769499,-16.65808897291443,-7.01343762772918,9.187068489526627,4.5586433985679475,-1.681048293289687,-1.112295737680266,-0.26899877468857053,-2.0354769929774736,1.117485356512556,3.413666053773037,0.9929726889985138,1.442019878824044,-1.6253099494025387,-4.936760509916359,2.6192688206386068,5.181915474854406,-2.982892056286104,0.07589488969274226,-2.840711159938417,-0.5054968885727315,3.232890955516999,1.293408182681247,-1.234467926116186,-1.1265051295515123,-0.9962246410292652,0.13849568443046253,2.0379932755429375,-0.559168940577603,2452.9364568812402,58.71881950443123,-10.017235909548358,-0.9479853426525063,-10.365501311200571,4.00829505407714,10.092064560435771,-3.9653764683164425,-5.075277745393062,1.6661152099022678,1.4391213422879543,3.362695734911091,-2.3059033678740835,-1.4366778769501107,2.2703127445077764,0.8120825894617857,0.45372394035039837,-2.334702038724388,0.08983689803859676,2.010896008540226,-0.46164452685773755,-0.40596289429935123,-1.051809315815283,-0.00732783375435301,1.5286032588583716,0.2717362852316439,-0.8703758729530352,-0.11319098402982374,0.09421924898270766,0.5245324608965021,0.08491457029197184,-1.2104512544214605,2346.941102494024,53.9862626148337,-6.4542778784757795,0.865066278060185,-9.896558328527457,1.0408743459644634,8.119628481260538,-1.8204474466220428,-3.174687041193858,0.8203501549750161,1.1672942398847248,0.7880395065727167,-1.4376666456555303,-0.013322814899916564,2.0481634255757433,0.385287468704448,-0.07561560679636072,-2.1191675000165517,0.5992777015135108,2.267727460538094,-0.8731234098682409,-0.2304062186933483,-1.1931269810646912,-0.08918208043053004,1.617814820507336,0.40197206759607174,-0.8887768934109512,-0.27762315641470386,-0.11593632174563508,0.3717179792560412,0.5637158988059986,-0.9168492427400933,5980.662464478557,105.23647063233244,-18.55940657936273,12.746348395683988,-17.02394613349171,-6.685704130612037,10.154127737571931,4.202298043473244,-2.8920801798732456,-0.8373862298059958,0.3645262340820102,-1.5020691844657414,0.7247629458644423,3.029476100839526,1.2299865052598655,1.4906798253517453,-1.3243851401935631,-4.988467186875863,2.258775852454067,5.142561060576743,-2.8101027066652144,0.012535775103384337,-2.8093713438409424,-0.5329962455635727,3.3145643439172128,1.2718943090118064,-1.3247832272872084,-1.0375832630635793,-0.8339622519589236,0.17336583623157317,1.850687965079857,-0.6498611348196499,2602.9044706621535,56.83901211309539,-6.711538862216475,2.5793382363567448,-10.333131491490075,-0.16504097741985668,7.283568805958727,-0.5290023615728764,-2.3820762545444425,0.28667252823373635,0.8732637242074497,-0.3364212300596872,-0.7268353233864839,0.7882828547660837,1.6113083751774784,0.5215072520507459,-0.4856996948475674,-2.3559548652070412,1.0554028580993995,2.621097673793897,-1.1765311962054084,-0.17194937305163324,-1.372537505681351,-0.10350167776062891,1.7507574949543092,0.5663064196337073,-0.9038298536196158,-0.37641811562944477,-0.3282550110883473,0.2710307072535151,0.9161123865525392,-0.856778085976254,,,,1.6394952207462448,121.171064,67.762936,146.05999999999997,174.29999999999998,741.084804931914,847.3226545360014,7.8455801345926055
VPBZLZQIFCILSF-UHFFFAOYSA-N__VEXOEJCKSQXDGB-UHFFFAOYSA-N,,,,,,,,,,,,,,,,,,,,,,,,,,,,,,,,,,,,,,,,,,,,,,,,,,,,,,,,,,,,,,,,,,,,,,,,,,,,,,,,,,,,,,,,,,,,,,,,,,,,,,,,,,,,,,,,,,,,,,,,,,,,,,,,,,,,,,,,,,,,,,,,,,,,,,,,,,,,,,,,,,,,,,,,,,,,,,,,,,,,,,,,,,,,,,,,,,,,,,,,,,,,,,,,,,,,,,,,,,,
VPYZGXKLDAOXOB-UHFFFAOYSA-N__GKPIHXHNFKRSOF-UHFFFAOYSA-N,421.4203415509484,-1401.691244002809,-56.0697449993852,-18.443305842142227,-48.33418082768306,452.36156434151115,1504.6052156081132,23.793148228351395,19.797437047475174,32.0128769278322,30.941222790562733,2906.2964596109223,79.86289322773659,38.2407428896174,80.34705775551527,0.48229465351599365,-1.6041660219218612,-0.06416903877417433,-0.021107447656866597,-0.05531606972144348,0.5177053464840062,1.7219459518005764,0.027230076599090994,0.022657183576323375,0.03663714791065057,368.22946922223906,-1224.7724466575473,-48.99272864846701,-16.11542692970457,-42.233532643363695,395.2653498428201,1314.6968129097925,20.79002240615068,17.29864227512885,27.97227261510197,0.11571956846639836,0.07759198158133962,106.86363136135438,37.75263319485351,710.7827567539659,162.99914913849366,0.8134555682152627,0.18654443178473726,16.496674477137965,9.052680532970877,0.8222972098767021,0.45124209454962577,447.2400000000001,2850.0,49.43870563801412,-12.997031084770654,6.526179907283336,-13.637280945303255,-3.299242229704702,5.082954808935269,1.5581166818506533,1.4870432686754578,-0.23901422705516207,-0.3803836104981873,-1.7180402301426123,-0.061527387078078526,1.988841072738504,1.7864946164445166,0.7831526428525858,-2.029884534566505,-2.585726821051772,2.075386646817188,3.270538211883242,-1.8785393196363596,0.3222094153627575,-1.8531455788572908,-0.07100136065001249,1.669269744292935,0.37612221049241573,0.04047112454782171,-1.1693843583034165,-0.6905411510646454,-0.21111915703891454,1.529134589002946,-0.6955773924445775,1410.6124484183356,38.61530053924125,-6.41065894173569,2.6464259881906247,-9.238649262024117,4.935336142821783,4.114162373418155,-3.472506136384115,-1.801349026899745,1.1652245774962793,0.8052854979464275,0.9144718553215231,-1.9975824259861812,-0.9120572866250579,2.5833132487519777,0.22821189776463252,0.23140319348429686,-1.6937933622550705,0.301931653922165,1.943700463441503,-1.157541344246665,-0.009065247247366414,-0.28697588789625433,-0.07421120368656314,1.1849703677637333,-0.8442109859157899,-0.5517450948747796,-0.04027257507161338,0.035845264481718056,0.17933536160643718,0.16689963152186685,-0.869066288652386,1240.5926432789395,34.20571435627462,-6.664710834190734,1.799046426270641,-8.566660977563753,2.012020397521723,4.286561501884341,-2.2717338211405296,-1.3078989500165954,1.0113149280387814,0.6915678173449284,0.08751961869120822,-1.6100595942320435,-0.023119260237278755,2.0399519768110626,0.11635111135412475,-0.47942745090078964,-1.455262966029989,0.7317978330829006,1.8804542921571339,-1.0602907244384605,0.024732821395538316,-0.5400021299978747,-0.03957387306980749,0.9229771843522556,-0.26461802819936237,-0.3701041476782819,-0.23199371252872852,-0.07810411574973224,-0.030487738326385357,0.5060407479265657,-0.5998819587769191,2972.8938922747457,50.77640762097422,-13.41932512516613,7.242203600317361,-14.080190620761266,-2.870661368639454,5.248091781813791,1.3997682976824537,1.1576254259106085,-0.33242843956388907,-0.2397777927391627,-1.4564004136395805,-0.33370180269826316,1.7055387216007054,2.041936816446778,0.7203113540663858,-1.7360939480947046,-2.6592498408303626,1.9273357212691635,3.2480089064353947,-1.8138297951335514,0.30189282973388043,-1.764519315097342,-0.14433208291996133,1.7658731308554385,0.21310395244172678,-0.0442991414798492,-1.110361549356043,-0.6348102037724768,-0.1495066489002955,1.3984514226360223,-0.8345120828866089,1370.6330102725474,35.67125689144573,-6.971632469652709,2.0814337455850156,-8.784680229683541,1.2199440547301086,4.020434438191304,-1.5671569965397694,-0.8275324206868677,0.7531583153035434,0.6698619506263793,-0.5540647323109907,-1.2008860291846764,0.46878760031804073,1.8189378315039726,0.2621533089529452,-0.8380563515420436,-1.510437540007028,0.9180441685888857,2.0779069226401403,-1.172120578706937,0.07968665663731907,-0.7684733459251654,-0.025946622741641504,0.9848253095079834,-0.07972690679324329,-0.28097528293202884,-0.3426237779676403,-0.22489205390953593,-0.11388361563765631,0.741342311452388,-0.526284256027743,,,,1.0774413073093174,88.131376,41.968624,87.15,87.15,561.7060791437426,644.165633924001,8.475863604263171
WJNHTNLWJPESLM-UHFFFAOYSA-N__WVLGKSFJLKVAIT-ZHACJKMWSA-N,390.6476519319156,-1386.6135876462715,-81.90666414192734,-20.391376288915755,-53.33129183254891,432.1170478697904,1533.8102432374897,33.263983510169176,22.55603298878661,36.51929150565451,41.469395937874765,2920.423830883761,115.1706476520965,42.94740927770236,89.85058333820342,0.4747987511205396,-1.6853100138842352,-0.09955053268773882,-0.02478397079241522,-0.06481961591862444,0.5252012488794605,1.8642149372805523,0.04042952197412712,0.027414925548243412,0.04438606993525124,321.41109807000385,-1140.856712180751,-67.38991193449199,-16.777304590893394,-43.879104314644266,355.53065316978746,1261.9649243300746,27.36843140695324,18.55830771073639,30.04678391262082,0.1397689569927258,0.11718011409094532,8.99757028467754,0.4031981081523929,600.1574271603522,222.6072726413537,0.7294399325894704,0.27056006741052957,16.684072499520674,8.895916727606599,0.875475345643151,0.46680184182475987,395.5600000000001,2278.0,48.8606338515635,-8.269462110746238,4.782771478459878,-9.66422906294681,-4.6156779882636565,5.985938539953778,1.8944015223625092,-0.4065642948373973,-0.5474750166146949,-0.22550923951512641,-1.9350471381757728,0.14407484150602165,0.061883250256963285,1.9505817196055708,0.4842662093842726,-1.4341250005113428,-2.443946963958261,1.3076903568545322,3.873343488037017,-1.4499349286288568,0.28893472735440073,-0.8515818668877174,-0.5093492660766838,1.2474524944805605,0.6928428464988595,-0.8726158554674763,-0.09348936903329468,-0.9227308029931603,-0.09590659503710044,1.6216760978757243,-0.7829844695259673,1044.8365049032345,32.22263106679282,-5.502887709249818,1.9797243259356012,-7.756492697983905,1.4817534080676915,6.335268118016973,-2.0141846184029086,-2.6343155500962117,2.058182533499927,0.5288068686789323,1.2359425445309236,-1.8005581811341396,-1.4339608288051362,1.7545223291426273,0.1066868295235367,0.22296942581391213,-1.3096735685821654,-0.13031216871283638,1.5750317041655033,-0.5142598488079185,0.24471349803161474,-0.2985764157972098,-0.04900175250319395,0.9312320837121475,-0.375178547045629,-0.646370378900346,0.1976053483847567,-0.21774307170707294,0.0423795613860776,0.3893531021023907,-0.8963612500712217,974.8574622174233,28.120089944066006,-4.216529034357848,1.1048058258038602,-7.121746435616439,0.9115561607409628,5.061341303037855,-1.570730809316711,-1.5547284968201784,1.1301817056391064,0.6816268287659051,0.22816138545490025,-1.3756711420772012,-0.7144997124136815,1.6492711238342241,0.033243098536142233,-0.39449079223606237,-1.28229906325043,0.2547761127978264,1.7908035598055465,-0.5837664948922395,0.048032281663947504,-0.4878354582816027,0.004979601199202008,0.8319356164388421,-0.09488100351346199,-0.5052721094903048,-0.001142280208720018,-0.26641391612865245,-0.01721548740357221,0.48352506678005075,-0.573738610221397,2409.6346372051994,53.432136166773994,-9.331362195882956,5.956344067187174,-10.168758955237186,-4.981538733058032,6.502816555329969,2.0821671251812726,-0.9050512724536767,-0.28389807178507703,-0.12014151996099948,-1.798610337246872,-0.02748995134597097,-0.17923061116305286,2.0344460170168013,0.4802696238030763,-1.1384380304322494,-2.5455617302927416,1.0799049429488854,3.891362150991795,-1.4164051261028106,0.4328481637664263,-0.7642066605698199,-0.5623999110773777,1.3166111001046665,0.5683929202994693,-0.9985987805854388,0.0055164294909549015,-0.8941041204591127,-0.042973446381561184,1.556193662234321,-0.9277372530559042,1026.873611231999,28.438778836587254,-4.213828149865971,0.9694985025942416,-6.9305388522739735,0.23366990990074343,4.756943069137707,-1.0942231300550547,-1.1536045600342675,0.7037380655570331,0.689311008411645,-0.38325752924951484,-1.058820337428653,-0.3794356645534563,1.5731968134777154,0.10856499383662575,-0.7231992321686425,-1.379690831023879,0.5390868460138784,1.9986418388043767,-0.6929237432019969,0.008540934520863274,-0.6040939847317518,-0.03470192636224541,0.875072654063377,0.05776284127153072,-0.49091484837104626,-0.05568700919726851,-0.37330997666814403,-0.06887223551751125,0.6389980401188312,-0.48260409404415533,,,,1.2975720737885976,76.35320399999999,36.908795999999995,113.79,113.79,505.3334716676785,555.1868722760007,8.164512827588245
ZKWDJZYQDNHQDH-UHFFFAOYSA-N__VPTIYJAJARPUCV-HSUXUTPPSA-N,403.35099205283484,-2024.5209464164611,-88.94148627613501,-31.146476098714793,-88.02264984419396,381.12270608388,1912.9515405299142,40.60088647518758,29.430023700460215,45.54646525071224,-22.228285968954822,3937.4724869463753,129.5423727513226,60.57649979917501,133.5691150949062,0.5141676426002245,-2.580737826169458,-0.1133772699931039,-0.039703658864145515,-0.11220599244215035,0.4858323573997754,2.4385158419887936,0.051755573923794984,0.03751562833828913,0.058059900999733176,316.4182443828001,-1588.1834337905634,-69.7722566568155,-24.433591289085594,-69.05145364306797,298.9807386854936,1500.6601693558275,31.850327560819334,23.087079528551193,35.730004032281606,0.09819078027134562,0.0935471629059098,89.22576750848941,2.690842972700494,448.4827974633986,335.9909006733164,0.5716989601163643,0.42830103988363577,17.711392799303926,9.549787227929128,0.8546374255863544,0.4608110533066353,390.27000000000004,2080.0,36.34578285684791,-10.582998714415838,9.205938490448734,-10.376553369991516,-2.4520833360557264,3.641073782896163,0.2821151786007261,0.3758872398333092,-0.4631150192078442,1.1034931957763765,-3.230267754484666,-0.6229421591077449,1.3301078404582007,2.054682610983687,-0.012742936267272305,-0.2760708676191531,-1.708484393848547,0.2324400291177442,2.08003491676883,-0.7410711731110552,0.1323876149685663,-0.5471964613548401,-0.9126624040431538,1.423644466789949,0.7035451724622603,-1.4045372692934717,0.5994118678760758,-0.4690777032637568,0.2467951091849703,0.5709549085634815,-0.7314419241868622,1217.1471793816613,29.89195008583252,-9.8376417259817,0.1948161668268201,-8.647267484597043,7.710905406625101,6.273096473410255,-6.454521723258149,-0.2906550755017431,1.4384778789914976,2.4075195049766998,-1.4112568971692105,-1.5689457237258047,0.1212341907682754,1.495497843449181,-0.7278607671360333,0.16705848956032435,-0.009232774287313882,-0.38906907219772086,0.8029560312347416,-0.004240437152308709,-0.00119312824633022,0.35497155836483063,-0.8497063781514247,1.2829547520534796,-0.20620971771603935,-0.38244456798116233,0.0865333728172854,0.01578460858077558,0.611405901827865,-0.12620699999352195,-1.2501598457595926,855.9980357493595,23.318415764744234,-5.293281565446895,1.3310195934049933,-5.949611140998773,2.3555911324708876,3.9413409416066107,-2.1588078970982427,-0.6115405328579795,0.4875013743199328,1.177548688789231,-0.8286707459822157,-1.011216208924301,0.13364975816206537,1.3245855471214592,-0.24390578963164083,0.020932602950760385,-0.7051215278951174,-0.016128947078124983,1.136827041643737,-0.27014106894478773,-0.02091392070472786,-0.2448979011242538,-0.35255659822588264,0.8906743222945928,0.08329949937675846,-0.6539708134583532,0.20188124675182778,-0.03455384330772381,0.26818660829958224,0.20795621227129785,-0.7578549458648195,2289.897087812028,37.64336692565773,-13.297672736038749,11.617029516151337,-12.62519544634827,-1.6959398099968943,4.471635790669865,-0.7567866021946793,0.7884755553909624,-0.523487246594735,1.6180844870571687,-3.2883271827877105,-1.2330835909358704,1.4497880712613198,2.305769649513002,-0.17410733801716513,0.11441868796152554,-1.7245226290242326,-0.050312198706490806,2.2150105496131283,-0.58310859108161,0.12300282676865221,-0.3724157132977164,-0.9567425967152839,1.3851300115452125,0.5500651561700105,-1.4437469116266979,0.7283473965352343,-0.3903837037527657,0.32402062787647906,0.3227250112402398,-0.8339974429073926,955.0563289899238,23.97149529972039,-5.015627252079016,1.0704508654456661,-5.173972944566522,1.587987606327108,3.3801858347464893,-1.3561896962874014,-0.6049387297944164,0.2194579785883293,1.423205875613782,-1.7014821917701095,-0.557175777820111,0.3244800323846267,1.0912632897680352,-0.06025082123970695,-0.3106008535795165,-0.707645819826101,0.006821651347118026,1.0313774166425025,-0.33229361874176133,0.04023958914403988,-0.30465447552541686,-0.5770675207420293,1.039300094635515,0.19991697380252257,-0.6788704417093672,0.1632649502997204,-0.1789724938464898,0.254685074075282,0.430026520295161,-0.7425892656698917,,,,0.7052880717926252,73.741411,52.824588999999996,229.73999999999998,249.35999999999999,484.73277136621243,600.0564564840006,9.231637792061548
BMOYCUAVFFTZDD-VXGBXAGGSA-N__IQYICURMGMILNS-UHFFFAOYSA-N,263.928638847452,-1464.2319700176915,-58.711372153384424,-15.412968105449387,-52.293998929203276,700.4176150579037,3885.7998465414676,46.971573373562485,40.903156279383865,57.997012634947275,436.4889762104517,5350.031816559159,105.68294552694691,56.31612438483325,110.29101156415055,0.2736865910751543,-1.5183674578378112,-0.06088204513225243,-0.015982815345661174,-0.05422740920849327,0.7263134089248457,4.029465382174682,0.04870820328625701,0.04241542507552297,0.06014127436081615,254.51859417087988,-1412.0266151350202,-56.61809179775949,-14.863438054052846,-50.42952196910787,675.445103250413,3747.2565254382707,45.296860822835534,39.44480553092916,55.929201872212985,0.08884009178355783,0.05836747032563335,146.74594452094757,0.0,801.6593468740751,162.6869070312806,0.831298243372191,0.16870175662780898,17.912009506746976,10.218137360078432,0.7529622939624966,0.4295370736471789,520.6100000000002,4465.0,31.248693850141905,-10.559407607984872,6.844253177991667,-12.497093751969883,-7.629522170014898,7.773843530213484,0.37413317088030545,2.128502706316775,-1.584407890360773,-0.5559638928457344,-3.4246415857379002,1.6678365124296781,2.1441491763657745,1.4802332268075549,-1.3320379693971154,-1.5913833837017421,-3.2473087542111165,2.446457363544122,4.693455675660821,-2.532454556399056,-0.9536141338167169,-1.3910371380959374,-0.6010340755787644,2.3266354480242426,1.3777735003632219,-0.5662631931861354,-0.4934950698861947,-0.9147226188825853,0.38403577050906124,1.744069757030837,-0.22347574370802828,1691.2389394657587,19.464434326193103,-4.0075113920636785,-0.9351549490193637,-8.160185886341173,3.518963584241613,8.06206582401508,-4.883367881050566,-2.73044035300757,1.7680816779353825,0.2684152873751355,1.4733246865144773,-2.5955680409782196,-0.9525060098799897,2.0466272659492417,-0.7528399535678403,-0.01454442699227284,-0.9810008518674218,0.04816756678133151,1.421561164940132,-0.48232764624701435,-0.7723977869094905,-0.23013372482694056,0.16370434346474771,1.0928201230567283,-0.6266799947346409,-0.4979203647041836,0.5770841095083413,0.20044407816401244,0.36449734387898514,-0.07278386123492386,-0.9785257465503606,1734.1821461622396,20.014846159027567,-3.52626529046916,1.028459074993731,-8.3433277580619,1.3693097514829697,6.326141349131395,-2.8904359625209346,-1.3145303709037175,1.051313869603705,0.32398519376972523,-0.3600121230611138,-1.4094118825977011,0.10954770295435973,1.791395418373994,-0.9598318554965767,-0.5400683505816356,-1.2810198274694322,0.46117926018629807,1.9157765785248007,-0.8949783003788702,-0.6124142454046033,-0.5209840647422946,-0.02613222928301937,1.1705764973419088,0.0357258962166751,-0.5965538127247277,0.40849405182341214,-0.21309741547919087,0.2503239594416301,0.49143888368249594,-0.692317136251128,4606.045283373179,31.475249661333855,-11.361174615772597,6.902449152110213,-12.401682692763487,-7.461954251121821,8.808801391546247,0.019982656608327043,1.0970237354816283,-1.505201162422417,-0.137806954429105,-3.2518941395296626,1.0307918004250087,1.9987272326190504,1.385547333264141,-1.3418131476684265,-1.2695217667546832,-3.1613662032207817,2.152840630398971,4.613536630046262,-2.333602277343268,-1.1450419209591578,-1.2691346229222937,-0.5396377710479011,2.349155537649636,1.1620777748683828,-0.5167023728476517,-0.4620443946241301,-0.5907173439728739,0.4258513710371256,1.4290831121245247,-0.23257524894208556,1908.2328523543886,21.01272362842836,-3.578125915066881,2.156315753244747,-8.845212727779334,0.04573296541744645,5.759384617789401,-1.9577363748266208,-0.4468586461202144,0.6109125072742747,0.2389197882647745,-1.2518364251692007,-0.6649953407653714,0.6305048523515167,1.7150169927886998,-1.0084235022598007,-0.9255186746880125,-1.524543785269535,0.8143864211900774,2.2503992966984514,-1.124231123214689,-0.5761367545193827,-0.7368866666444963,-0.13604380542619965,1.3049522812548342,0.36782725406785977,-0.6440520624711745,0.28160567473881765,-0.4766143452291557,0.2230921077475146,0.8336107154793199,-0.5637412538420146,,,,1.46278964928389,103.820892,61.449107999999995,150.37000000000006,150.37000000000006,655.7336540568023,704.2945102280012,7.413626423452644
CLKRHJBKRXPKFO-UHFFFAOYSA-N__KJZZSRKWFNIXJM-UHFFFAOYSA-N,405.1893394876879,-1383.8594570886796,-70.41792365238356,-22.68622060801114,-57.66081071202832,307.7949099505309,1051.2243424700057,16.441399549952237,17.233185942131243,28.411468715405558,-97.39442953715701,2435.0837995586853,86.8593232023358,39.919406550142384,86.07227942743388,0.5683005477427425,-1.9409397306869867,-0.09876504804680877,-0.031818684109622734,-0.08087248877862445,0.43169945225725753,1.4744005120706332,0.02305997581700704,0.024170500197879235,0.039848662488395484,288.8936170949968,-986.6699963403531,-50.206870442292484,-16.174917972792674,-41.11124984751471,219.4529228519834,749.5063988071621,11.722458917836564,12.286990144379706,20.256929697490865,0.11172482262436627,0.12178398149746393,7.128836340258144,0.38795578641460815,566.4187294352587,146.56552000296008,0.7944337197933288,0.20556628020667128,16.105031176872355,8.519309264289664,0.8904151354593636,0.4710156614584003,376.87000000000006,1830.0,27.847445907485966,-8.650141769082971,6.7578161100379415,-9.221201898562745,-1.1799912202369969,3.3418497812494117,1.6411640073080527,0.1534796341044422,-0.13619819810521092,-0.16754355241400215,-1.0007686221164733,0.1548703396581403,0.9579248962075188,1.4586290638283892,-0.0802500771881692,-0.7376362821019091,-1.550430814287574,1.0257858965923683,2.726091598535185,-1.6170223843665457,-0.14544766997760622,-0.39660095057874184,-0.7787872682974176,1.173695344262891,0.5616653278523703,-0.7796535642004235,0.25759394207503666,-0.6243930977447566,0.24358908791964298,1.050480943319649,-0.6226727244906372,1200.8955455840235,29.87783569792873,-8.452652289785746,2.8766445578382966,-7.3217779511075065,4.691480032670959,3.5343819400450633,-1.4242664589517753,-2.2956148473372897,1.0027649513886063,0.3009623154882708,1.9308555716445182,-1.1884437355581845,-1.3791921949558958,1.6650048750769841,0.25876373146953574,0.22352166377532226,-0.9442845492424122,-0.03839344696008479,1.463734937447001,-1.1547506033614636,-0.00692862122301528,0.04521861125825232,-0.34352165880193386,0.5385853614114077,-0.1654397683007929,-0.6915622349634617,0.3129292806340552,-0.12197714969251156,0.16682053581872752,0.2299664415911635,-1.0786830686227495,843.7186759358793,19.241544594880768,-5.104811140640793,1.0446705179895337,-6.159589811465626,2.2185702129528093,3.004806173269997,-1.101398593814323,-1.1332363032123367,0.5715914875548525,0.188847463574643,0.5733414779971042,-0.978027070098657,-0.2264460332624525,1.2489021232663315,-0.1657736640456875,0.06882980931488333,-0.781328740492512,0.22664761384940157,1.282282302532667,-0.8293787623967872,-0.02797095227959117,-0.1793952991054992,-0.259691141625202,0.5011617155201545,0.06953563803287244,-0.4038897049736957,0.047906520501367914,-0.08527700983974734,0.1617934050176767,0.3440041276428173,-0.6034612472210429,2054.2753998532735,31.540067664835945,-10.580724113906488,8.520862424746808,-10.09511248637812,-1.0576352281617276,3.7004085719048048,1.5828065649548098,-0.22235313560997663,0.07744232162973799,-0.10297594305675996,-0.6404608270948713,0.11354973966715226,0.587655919711101,1.6015881373923606,-0.04674203156407009,-0.4883831728995064,-1.6507939513532144,0.8730056962485573,2.7651484088712546,-1.5322669736903567,-0.203194936838638,-0.3473965466432097,-0.9024574065754936,1.3983438521888159,0.4096397267920603,-0.9582800006509998,0.44753309490093185,-0.6837339311958451,0.3723799179083514,0.9432978927135919,-0.7796383719871756,869.5860733637344,19.827552445874375,-5.259275659845415,1.1151856356047238,-5.9213153524168485,1.8611401448140408,2.5216047090856066,-0.6302273809375298,-0.6757265012651946,0.33899615257105514,0.3446674914210844,0.12838310455631988,-0.7483090462506592,0.07713157855660782,1.286764580245022,-0.10929739472809188,-0.21200365619770487,-0.8729327846894085,0.4623189874297461,1.4893728914865911,-1.0908913729742455,0.065368387806236,-0.20257419223695483,-0.3232261924970101,0.40503694370102933,0.2263599267137212,-0.31606919437643843,-0.06366265129293525,-0.10226490387987697,0.06742703691271888,0.539014609635735,-0.5091963513862581,,,,1.0063857753124048,70.373446,40.468554,105.57999999999998,139.26,494.24334655169116,596.0761997440006,9.771740979409847
HFDGFISXPXCLPC-UHFFFAOYSA-N__VALHZMLZFXMYGS-UHFFFAOYSA-N,334.6160246838675,-806.9103924560372,-54.74214153199472,-14.409114151000662,-33.621266352334885,306.326620989663,738.6918609054219,19.11350458759338,13.190926087596818,23.084120653294434,-28.28940369420451,1545.6022533614591,73.8556461195881,27.60004023859748,56.70538700562932,0.5220685921627799,-1.2589432110701584,-0.08540879890191935,-0.022481128769109966,-0.05245596712792327,0.4779314078372202,1.1525085214593145,0.02982092815420025,0.020580509311773472,0.03601589129560358,214.46968014563743,-517.1832817622393,-35.08657302335155,-9.235415745754272,-21.549303406759968,196.33779489734746,473.4591156662247,12.250660198465262,8.454627065468298,14.795597364569522,0.15780516880468512,0.18491876044141442,216.89507085178602,0.0,514.561574546605,126.3810711269254,0.8028199996052396,0.19718000039476022,12.116505067827205,7.1619734976639124,0.6917830081023559,0.40890764642347194,341.3600000000001,1540.0,12.196744511912335,-1.330149445249819,-0.3380865073884292,-6.928460337099743,-3.3732120009953106,8.188090292293003,1.3136628868088316,-1.6117840449542562,-0.42911607557978904,1.7303795186608508,-2.3065156458200042,-0.7781902474913761,0.48091905838976434,1.8767421066517287,1.1959673363548613,-0.9835703766427562,-2.0981013844150485,0.6334103428430617,2.817023400557971,-1.1825937104141555,-0.05862408303817858,-1.5477065106886811,-0.5383247177706277,1.8876998313275404,0.17572832818887463,-0.7850294183719527,-0.15291660147277675,-0.6329328436643357,-0.48568707469366834,0.9293379769989231,-0.5262194497684536,840.2215204505536,18.355670025632406,-3.5951801381419557,-3.314396528941642,-6.229620824018717,1.3818141956286811,7.1128093420340175,-1.668043606687574,-2.7802725546226283,0.07198365529974866,2.166469645866624,0.9146234837778631,-1.7306536853642502,-1.1542684126930358,1.8129169317406273,1.4903839692710956,0.043099678707852196,-1.353094499841195,-0.2894329016529359,1.6477734060647284,-0.5447131033562269,-0.14111681694285194,-0.6116736643542696,-0.24163918154205488,0.8617475820737354,-0.09755102840990187,-0.6264570064911045,0.13359845752179922,-0.010659987559833497,0.33289720220836644,-0.11901928112793134,-0.8316158373926409,730.3028482327785,9.529875204749535,-0.31604576379921706,-3.1078575082604423,-5.0218913148065045,0.2628882747980429,6.1041608125363105,-1.2639129910446687,-2.1445793890357225,0.2968425755024923,1.4767333871491797,0.1517491746185137,-1.5413679889431873,-0.5994994004567149,1.9150830740222133,0.788723947353256,-0.2013308997657358,-1.3448141501840618,-0.040311387058738206,1.7048042878210614,-0.5923717179452274,-0.11470330522736626,-0.8377559399194181,-0.05927604268916957,0.9344459398594702,-0.18566626981244785,-0.4936845642561965,-0.060300835060396206,-0.0300554343593275,0.0745131653373295,0.014941895944189605,-0.6098522733348619,1625.8899587243104,16.701025678996427,-2.7993131587820934,-0.32373728555159426,-7.334047724258241,-3.163747617684088,8.977638262000966,1.4717014599581295,-2.1303270612013696,-0.45739014521982985,1.962260323358005,-2.1586406048126974,-0.9192521414263226,0.37292193626035597,1.7897681630484097,1.5024705142545576,-0.805144157902073,-2.128923516491851,0.49159173138642465,2.8317565974250942,-1.156731705646397,-0.07922477619624872,-1.5287355199326864,-0.6021973582623316,1.8775629597286962,0.1944819889312472,-0.8611822666402332,-0.0574043398389384,-0.6511617504933865,-0.41948933854536463,0.9351462554462955,-0.6148738857154316,785.6367392464019,6.60535619632024,0.05407419994400519,-2.8339860263684287,-4.94260850490017,-0.13662880970329244,5.5616346572577156,-0.7472519658814518,-1.7408900152207796,0.13145092367072633,1.4926674547993606,-0.3980718040598748,-1.2675323481499208,-0.3334885082070885,1.9251280346789594,0.6508595985601785,-0.39519080417011093,-1.420240938125775,0.17402418452434365,1.8033747105270095,-0.6996214951827834,-0.06624111794875981,-0.8632772203885174,-0.12135572991709483,1.0147917788855703,-0.1234570370794258,-0.4640305463880065,-0.12257750224953032,-0.08028710489087958,-0.058519294725581046,0.14423032200423794,-0.5607020475347039,,,,1.4901046239077027,66.92465299999999,30.557347,42.230000000000004,67.53,422.2411916182668,499.12291279200065,8.912909157000012
VALHZMLZFXMYGS-UHFFFAOYSA-N__HFDGFISXPXCLPC-UHFFFAOYSA-N,377.72256846699344,-905.29846944174,-55.18045026987115,-16.166044097173927,-37.7207695600725,316.6147469597182,758.8396080981414,19.214048842651913,13.55070728746681,23.71373775306692,-61.10782150727522,1664.1380775398816,74.39449911252306,29.716751384640737,61.43450731313942,0.5440044198616352,-1.3038309324991129,-0.07947210821581652,-0.02328269522319844,-0.0543262888541297,0.4559955801383649,1.0928976323730912,0.027672499253253782,0.019516029149519488,0.0341530510116591,262.26687416545445,-628.5825089320888,-38.3138457044195,-11.224687659501582,-26.19093787217036,219.83743342851835,526.8906563263214,13.341031091884645,9.408761720112881,16.465333010197543,0.16047221380925872,0.18605472133112363,213.5515041659606,0.0,568.7304632605931,125.60685216611851,0.8190982259265072,0.18090177407349284,13.178923699355876,7.855783891578832,0.6776077195152087,0.4039130910240579,341.3600000000001,1540.0,35.53404319713803,-3.983339839249092,2.1821782229754603,-8.038334203061748,-2.3228257264550445,6.99147866740129,1.5172889255865694,-1.8290891010232493,0.08495826052784242,1.5364531208105183,-2.0033381182854675,-0.2026852995970812,0.5051587322046234,1.67148512706808,0.9923667440423197,-0.9584628786522805,-1.9732519244787021,0.09918197437172671,2.8840736330849985,-1.2761961443907222,0.43851056709400865,-1.8690701948267956,-0.29251220714200704,1.5023534401082383,0.6257192377018762,-0.6104309125099336,0.0015762257326823966,-0.37260023413344995,-0.11375197111916346,0.6800110498878028,-0.21886824453466064,840.2215204505536,31.94922639707993,-5.913533158318357,-0.5494266189096987,-6.7434020934422065,2.68309465791176,5.290397033696716,-1.6467015568164243,-2.7402711294956434,0.3003463927152526,1.520589159804222,1.0496920893982875,-1.2729289079067305,-1.3841698126201143,1.4834124275756562,1.1681423908654962,-0.3345044518668551,-1.1499465927189199,-0.39016802828843905,1.5081885577700338,-0.32840293523719816,0.0122964402634036,-0.7330614691562083,-0.10079129321041905,0.7727569053180534,0.0831268419974707,-0.7294973785683319,0.03831889636960161,0.1769956248512113,0.46365424870688265,-0.23452080174233197,-0.7039543405858629,730.3028482327785,24.06651897418584,-2.732607271913123,-0.7445740495754051,-5.830181717229362,1.2951610190181841,5.160656205276133,-1.054829586975353,-2.3006087508922284,0.5397285545927436,1.2215104502432779,0.451290573980326,-1.171453957115369,-0.73473307114228,1.7182106072651866,0.6566947078615712,-0.32512510678583645,-1.2541089519964859,-0.19269920693111656,1.6659558143641062,-0.4601026512412808,0.044186863725172706,-1.0874650439044,0.12772535310421962,0.8371485847610144,0.030358670895465793,-0.49891601636338456,-0.048670274484122485,0.1447112153724059,0.21801624269684264,-0.09513934681424162,-0.4121513420095536,1625.8899587243104,38.19299819486383,-4.703613770080655,2.088894104322863,-8.323610533518346,-2.137688325917964,7.3168444327134665,1.5238056946061114,-2.2212702490798804,0.05027297069722576,1.75922251936404,-1.8788496008554734,-0.2739513098954407,0.404878557013877,1.5784999525857428,1.1454828600596467,-0.8441148077918126,-2.0148624138164646,0.06420359808813915,2.861901576672242,-1.1780052630910398,0.4398755817039186,-1.7758979436131193,-0.36656253024484137,1.502923883555902,0.6574178650503086,-0.7120774283509581,0.11657842824739907,-0.3889848516622312,-0.05986788665876,0.6419996881678028,-0.325457520975394,785.6367392464019,25.054706935921143,-2.822398748414084,-0.2890597672355583,-5.932400055857658,0.9345323988334527,4.959565128515213,-0.6102297953410469,-1.9966724701389393,0.3136272002589268,1.2522631199320684,-0.038265593879754485,-0.9377319963806214,-0.5212790422578293,1.7502190413678431,0.6373978294319383,-0.5189459744093483,-1.3260189312144237,-0.0818578157331338,1.771309354230849,-0.6419849574828979,0.09510813065036004,-1.2013635544434738,0.06640230503782733,0.8930283443572639,0.1036937801970884,-0.4638793926658617,-0.10669619508229868,0.10811477295115891,0.11427570977380819,-0.0019384480649743477,-0.35536084957583836,,,,1.0698772756592179,66.92465299999999,30.557347,42.230000000000004,67.53,422.2411916182668,499.12291279200065,8.912909157000012
UQDKRXGUIOCKCI-UHFFFAOYSA-N__CFEAICKKZLLJGD-UHFFFAOYSA-N,309.99539894755344,-985.0115974530205,-48.58035574864742,-14.701665633627172,-41.04214989387585,467.31930643422606,1484.9089312751157,30.189544648444993,22.162819869777845,34.53276584360733,157.32390748667262,2469.920528728136,78.76990039709241,36.86448550340502,75.57491573748318,0.3988029517533682,-1.2671979452250686,-0.062497667176883126,-0.018913402167538337,-0.05279991438437785,0.6011970482466318,1.910305981598277,0.03883825230556695,0.028512029576093684,0.04442572050228549,240.9639822026247,-765.6639996718305,-37.76222491610191,-11.427820890624337,-31.902666652992938,363.25416900013795,1154.2415484328897,23.466777004016098,17.227485797505814,26.842826707741608,0.15633913516250716,0.06658930416403253,115.966653318127,156.89296563438572,667.0992181820766,110.21548719970292,0.8582099548141567,0.1417900451858432,14.956480084707076,8.169735590879931,0.8307177653831721,0.45376615723685926,385.75000000000006,2211.0,41.74505123300685,-7.014499323634196,4.318645314296272,-11.358538561820449,-5.594540629528188,4.950230262947338,2.966764507251955,-1.0555575438544216,0.09425663948000813,0.3480372411873171,-2.929450769162444,0.4892154909525483,1.1095491920069784,1.4747381610435752,-0.11137428670728029,-1.6071787254193164,-2.5393981569429287,2.0741055938627087,4.052249249035197,-1.7388393775160402,-0.31036576902126867,-1.614156644784467,-0.5080077097168199,1.727517173607993,0.8461084252897109,-0.7438759428853309,-0.4598281390871678,-1.1043722276024306,0.0675265635709911,1.297097861777412,-0.670597723436314,1027.3023862599907,22.534457735883272,-3.8311281495632303,-0.4486843098279653,-8.349260781164432,0.9802481501908007,4.755431654710264,-1.7238107490335484,-2.5060234171214906,0.9110649071333108,0.07064860937444684,2.0891217728247318,-2.303244330976568,-1.568009390400012,2.756210818879839,-0.5858389072313963,-0.011808505545596778,-1.1101475229001534,0.2887319227526636,1.6046273182930695,-0.01985004490221109,-0.4608924872293142,-0.8506884945134152,0.5110912273387662,0.9353073948985323,-0.2887722842347845,-0.8016580681603835,0.46081624606309535,-0.29255279439732995,0.47738260485352874,-0.05612662682539853,-0.7450715468104621,905.4620454725562,21.785796644170212,-3.421287827603457,0.0024636275049423973,-6.931063175115696,-0.2446381725491901,4.3793524260421615,-1.0727962703676661,-1.8132039029804594,0.7896975113858093,0.5341293641394753,0.08047844560225506,-1.1764462843520531,-0.5341321037946232,1.7759427568033597,-0.3733654381085432,-0.4595384213258906,-1.2181551405648394,0.5899352915433306,1.816880884561475,-0.5790389701378468,-0.2889854050406657,-0.8912112512960311,0.13227473027910153,1.0531883090401644,0.11968262595452872,-0.677948001247201,0.13732746363359263,-0.29445422643061336,0.2814037640317042,0.3707479353349225,-0.666414408850405,2238.2637365930927,42.6552283254671,-8.096291216097038,4.199708796491157,-11.742592253551047,-5.4001727422312715,5.483724415977836,2.8154906543983613,-1.4774171044281734,0.07329552778963984,0.6861975912910833,-2.6561190499311054,-0.0032172265350570435,0.8887335260658931,1.6899314973206907,-0.2728949707412897,-1.3602906878990373,-2.4982745672773854,1.755450297091566,4.089366511734409,-1.648109370553102,-0.3482145469162985,-1.613830853417889,-0.3965092627149934,1.7007003467669306,0.7529136069426219,-0.7785484424011101,-0.41016081439431573,-0.9099999982842253,0.09980814063413933,1.1570131562743338,-0.7156812357037604,1042.6003725450123,24.158442183333158,-3.226921383771191,0.7825938706380609,-7.190847224155537,-0.847922189013127,3.844596059415463,-0.16689045292512886,-1.4626229040175018,0.6177390729801382,0.4339203914750171,-0.5713326223032199,-0.644267207395593,-0.17158581449560767,1.6677279876132618,-0.2978050284942423,-0.7808008870697735,-1.35065369048524,0.9433183962828215,1.9905225537085354,-0.667986101939524,-0.30556526965547465,-1.0061872414087745,-0.00019926429002614036,1.1768093608183874,0.23830564626147255,-0.6661455384299703,0.04924544881899276,-0.5075503487028721,0.2296334005526657,0.5732827939494952,-0.603718623906269,,,,1.3206237285429279,76.962583,40.291416999999996,74.22000000000001,74.22000000000001,473.6745861866713,554.1304008120007,8.270602997194041
MOWHSSFXHOIXAF-ZDUSSCGKSA-N__GFLSQHJUGHWKMJ-UHFFFAOYSA-N,,,,,,,,,,,,,,,,,,,,,,,,,,,,,,,,,,,,,,,,,,,,,,,,,,,,,,,,,,,,,,,,,,,,,,,,,,,,,,,,,,,,,,,,,,,,,,,,,,,,,,,,,,,,,,,,,,,,,,,,,,,,,,,,,,,,,,,,,,,,,,,,,,,,,,,,,,,,,,,,,,,,,,,,,,,,,,,,,,,,,,,,,,,,,,,,,,,,,,,,,,,,,,,,,,,,,,,,,,,
MXOPJHJQSNNZJR-UHFFFAOYSA-N__HTEKCLZUFIFXLQ-UHFFFAOYSA-N,312.86063764230846,-1237.7044659035118,-55.44159830256498,-15.09395690126234,-56.25929390470509,583.8125856278989,2309.6144338504364,31.41750148862436,28.166029681102884,38.49357389750727,270.95194798559044,3547.3188997539482,86.85909979118934,43.25998658236522,94.75286780221236,0.3489126579483345,-1.3803294598109535,-0.06183032666054974,-0.01683328609525553,-0.06274224817322516,0.6510873420516654,2.5757593445549416,0.03503784954572784,0.031411699323840754,0.04292932240924902,280.53375638910114,-1109.8164528976324,-49.712996653213,-13.534346986556494,-50.44620240443785,523.489112940682,2070.969418912066,28.171232326901347,25.255724620878855,34.516156981867766,0.12458069409162777,0.06133784501521397,109.69367113281568,25.418962958242993,767.2543719194218,129.41885135078556,0.8556677639165031,0.14433223608349674,20.89480178822208,10.831126412988112,0.9291439312504137,0.48163535970494964,448.7800000000001,3321.0,55.49802729418703,-12.367290733086929,9.761181187077705,-12.281891602008791,-5.683023179026115,6.0949177054083,2.233367822561415,1.439822996884324,-1.0421466071977443,-1.0192909917380242,-2.3227523539071315,-0.28856089991804257,2.6773972550598395,0.7876751541344662,-0.4048760040269423,-1.6840064389570353,-2.9912694741174803,2.2903443400290664,4.050465035632584,-2.1153406153374155,0.14173523580072608,-1.5007686796663853,-0.05994975639566409,1.3771585917171099,1.2658413048326262,-0.9121215362105253,-0.5137038496290038,-0.7910308392199331,0.38983825418140244,2.161399057092253,-0.3220510018000476,1147.9482080884027,26.5488652283299,-5.048218986366693,-0.21080151402133263,-8.370144169126355,1.77960428620102,7.098616494657233,-3.9147916977117694,-1.93424857712187,1.8219578385939608,0.528119602221391,1.3875226394894467,-2.7583886653701906,-0.6087308450719796,2.733916952663193,-1.1899524861303379,0.6425761818946718,-1.1870041008573162,0.561014678984411,1.7275574201683117,-0.9490437192587524,0.1939055493719942,-0.26072788704971706,0.23541432352044694,0.7111016730860485,0.07217767906824289,-0.5232474634158396,0.1667129864085616,0.18949024144898433,0.20880739780513952,0.2292330904134852,-0.6735676331672594,1232.2193714704752,28.767834763956458,-4.871810571582839,1.6946875679227862,-7.6575217884435025,0.2581021732262884,5.619316498151798,-1.85101710509811,-1.0535076566498145,1.0448443336650706,0.4334313102313469,-0.09667763326523442,-1.7920929396234302,0.510324845936444,1.8137717402974538,-0.9442014841717855,-0.10792358411862917,-1.3464534647113626,0.862039524927711,1.6490744072384114,-0.9739614959699899,0.19361765945000414,-0.6025085268910851,0.019169843310482947,0.8144251220269568,0.26435244797065277,-0.45210070702267247,0.009075511122140986,-0.07866297172790113,0.2097736382982182,0.5669214545240077,-0.39769234629649247,3376.33293848856,54.33325149743886,-12.84935989110208,10.270891049317129,-13.246426556378365,-5.589581573345331,6.89778969802596,1.524871601674378,1.0530237476698443,-0.855766721900273,-0.5434016107619808,-2.054298419562194,-0.7841704776723295,2.470468707877374,1.2443504178696967,-0.6111524755229937,-1.3035322397927662,-2.8881242886453524,2.1156516139294657,4.150854866495522,-2.0527778625577353,0.15126156104434077,-1.372372658082601,-0.008026960096004173,1.4292910311737603,1.2232782180938595,-0.9931738207070493,-0.3773872458358766,-0.6104850919998063,0.3188251350702848,2.0456878759341195,-0.38247864153979094,1392.518099344623,31.59121268518166,-5.033454868357198,2.6102632392124203,-7.672712785269648,-0.689341889695049,5.110858206167065,-0.7291788441025253,-0.5530804237923534,0.6218209063484961,0.22294576769418015,-0.8227986264288266,-1.27541275706409,1.0684486998065452,1.4022379788883317,-0.8340043281794383,-0.5323984359121187,-1.5356523978744285,1.1327231883540163,1.7709895924635077,-1.0478053609600584,0.1750727527508251,-0.8141499552130874,-0.06008815920189767,0.911554093481104,0.42084796145908954,-0.4684491884375911,-0.09815848787543603,-0.2599219755209979,0.22937220514399123,0.8229767236391018,-0.29424258921229784,,,,1.3912069257287627,88.78072,52.175279999999994,112.33000000000001,112.33000000000001,565.9567632987008,581.290114220001,7.088903831951232
HTEKCLZUFIFXLQ-UHFFFAOYSA-N__MXOPJHJQSNNZJR-UHFFFAOYSA-N,267.3221798572291,-1057.195826731459,-45.04165401388954,-12.892632033310473,-48.05435576052085,563.7229363996648,2229.3905283610275,30.68145127952142,27.18768937025643,37.15650880601712,296.4007565424357,3286.5863550924864,75.72310529341095,40.0803214035669,85.21086456653796,0.32166987643375317,-1.2721280783083948,-0.05419880718000176,-0.015513757052541396,-0.057824003559472474,0.6783301235662468,2.6826347748752966,0.036919116278203504,0.03271505823018654,0.04471057958125494,222.15679203749727,-878.5774287323484,-37.43164659637563,-10.714358886979857,-39.935337669652185,468.47919321693706,1852.7241108238081,25.497670245520105,22.594196473461075,30.878735180396802,0.12461928657798695,0.06135562179169302,21.191905380387208,26.181646665541813,725.7408737237383,105.30424253315562,0.873286972664666,0.126713027335334,18.189858955734643,9.123235039670408,0.9937948410448691,0.4984438822823217,448.7800000000001,3321.0,44.74275065464342,-8.318233459647466,8.149746357538673,-15.018271656741456,-4.385620686022846,7.107418636390564,3.515836448126664,0.5875554543095629,-0.9046406496880508,-1.7643967389896507,-2.6660297843337695,0.7218653322417696,3.1056376647560526,1.1841407641256108,-0.05950899666109587,-1.201583315554104,-3.685054648221217,1.9583413623843113,4.108357918607771,-2.5901765196587854,0.058509257513132365,-1.661715781143988,-0.5902329723924215,1.5272350675270245,0.9835876630791878,-0.38688143030727035,-0.5278126200595268,-1.2048827029486704,0.4262882551610068,1.836697999069618,-0.18964299948480848,1147.9482080884027,18.632332447487904,-1.0467831826053742,-2.5676126414341875,-7.83486959192089,2.9641699839658355,8.068465428623046,-3.3705550236016473,-2.4350842268082222,1.7073759466878542,-0.5098900778044843,1.3227628249171248,-2.4815563460993633,-0.1520798769243094,2.3196768532921666,-0.9207359651130799,0.4017556647901532,-1.062774153969294,-0.0059741573815311035,1.6678693934868951,-1.0370316305313563,-0.08305801218818563,-0.5716879462447839,0.10451620702560646,0.7307108585840487,-0.32552547477972726,-0.34955135677959825,0.22120315916298894,0.05910178159002824,0.36163079365977907,0.1630899309010523,-0.5435179154846111,1232.2193714704752,20.253034962368393,-2.3169366479588143,0.0682023412053954,-7.670947660894915,1.0923401336917788,6.413370467095151,-1.4357839622343191,-1.6864823220693068,1.1046399941469132,-0.22686019129860405,-0.2763164684134872,-1.3894476342836954,0.863940820157693,1.7081810448783028,-0.7323851518424744,-0.2367198045789648,-1.2924183285417086,0.463127970592209,1.6831378491321571,-1.0587586501429203,0.041610672758701346,-0.7913694874678644,-0.17231659883751288,0.847869689297681,0.08341006540585254,-0.3011028427808264,-0.026676301530436704,-0.2847538881274394,0.27247803720278363,0.5429789567448782,-0.33184381714023264,3376.33293848856,44.41193472326042,-8.513710371038869,8.163525874917616,-15.704344045353348,-4.368411837127249,8.211666002826583,2.7990768543276383,0.2101975064212902,-0.7980382405923998,-1.5177840167672532,-2.2968535208441665,0.20965331622873587,2.8811489068503424,1.4190138021080219,-0.2792400104965894,-0.8873382368811691,-3.587369098873843,1.6621752170585677,4.2355613503559875,-2.599321164118671,0.0023843311660145484,-1.6378139828156768,-0.5212227212138565,1.5765646486930023,0.8236159249848835,-0.48350683227252694,-0.33762784587540245,-1.0429358059906468,0.43612554325374314,1.6558544019231047,-0.18069607104726257,1392.518099344623,22.258645351893826,-2.665826939432045,1.319800310017329,-8.109133550410364,0.18264556558437528,5.746807726203537,-0.24645791292503352,-1.2379024710387434,0.7414808580451947,-0.3150960747954331,-1.0473227399836134,-0.8096380814960626,1.38761818742611,1.4609134489246098,-0.6029826248821685,-0.5711788027580291,-1.5511796682176733,0.8109975023620863,1.822882287555102,-1.160022271554589,0.08142420023566335,-0.9662697917680236,-0.29800374938782404,0.9496484252070987,0.2979866733337816,-0.28956320363778826,-0.18187747648538516,-0.4909733631632037,0.2447969635928338,0.8050481925443056,-0.2514879735521315,,,,1.1798280411358086,88.78072,52.175279999999994,112.33000000000001,112.33000000000001,565.9567632987008,581.290114220001,7.088903831951232
